Species,Modality,Plant ID,Date,PC1,PC2,PC3,File Name,Group,Dice,Time (s)
Poplar,RGB1,49_BESC-4+Na_R1_I APPL 518,2023-09-22 11:12:44,0,0,0,2023-09-22_RgbImage_2023-09-22_11-12-44.png,Poplar_49_BESC-4+Na_R1_I APPL 518,0.9672531190932846,53.64757962300064
Poplar,RGB2,49_BESC-4+Na_R1_I APPL 518,2023-09-22 11:12:03,0,0,0,2023-09-22_RgbImage_2023-09-22_11-12-02.png,Poplar_49_BESC-4+Na_R1_I APPL 518,0.9939564723586951,1.6624283650016878
Poplar,RGB1,WELC-27-3,2024-04-10 16:10:25,0,0,0,2024-04-10_RgbImage_2024-04-10_16-10-25.png,Poplar_WELC-27-3,0.9437284497752132,2.8421960699997726
Poplar,RGB2,WELC-27-3,2024-04-10 16:09:43,0,0,0,2024-04-10_RgbImage_2024-04-10_16-09-42.png,Poplar_WELC-27-3,0.9751457240308187,1.2651587019972794
Poplar,RGB1,27_GW-9914+K_R3_IV APPL 108,2023-09-22 09:47:29,0,0,1,2023-09-22_RgbImage_2023-09-22_09-47-29.png,Poplar_27_GW-9914+K_R3_IV APPL 108,0.9763341046546581,2.7689800309999555
Poplar,RGB2,27_GW-9914+K_R3_IV APPL 108,2023-09-22 09:46:49,0,0,1,2023-09-22_RgbImage_2023-09-22_09-46-48.png,Poplar_27_GW-9914+K_R3_IV APPL 108,0.9880795461901123,1.2660411809993093
Poplar,RGB1,61 52-225 R5,2023-10-09 18:19:05,0,0,1,2023-10-9_RgbImage_2023-10-09_18-19-05.png,Poplar_61 52-225 R5,0.9503965563995527,2.798501191999094
Poplar,RGB2,61 52-225 R5,2023-10-09 18:18:21,0,0,1,2023-10-9_RgbImage_2023-10-09_18-18-20.png,Poplar_61 52-225 R5,0.9887422763758319,1.2974776529990777
Poplar,RGB1,68_YALE-27-3+Na_R2_I APPL 368,2023-09-15 15:57:18,0,0,1,2023-09-15_RgbImage_2023-09-15_15-57-17.png,Poplar_68_YALE-27-3+Na_R2_I APPL 368,0.9824402011657858,2.753255581999838
Poplar,RGB2,68_YALE-27-3+Na_R2_I APPL 368,2023-09-15 15:56:36,0,0,1,2023-09-15_RgbImage_2023-09-15_15-56-36.png,Poplar_68_YALE-27-3+Na_R2_I APPL 368,0.9922898084883198,1.2060747700015781
Poplar,RGB1,20 LILB_26-1 R4,2023-10-09 19:38:45,0,0,2,2023-10-9_RgbImage_2023-10-09_19-38-44.png,Poplar_20 LILB_26-1 R4,0.9620853923000988,2.706929088999459
Poplar,RGB2,20 LILB_26-1 R4,2023-10-09 19:38:00,0,0,2,2023-10-9_RgbImage_2023-10-09_19-38-00.png,Poplar_20 LILB_26-1 R4,0.9828956471362923,1.2424076390016126
Poplar,RGB1,5_GW-9588-C_R5_I APPL 224,2023-09-15 16:40:54,0,0,2,2023-09-15_RgbImage_2023-09-15_16-40-54.png,Poplar_5_GW-9588-C_R5_I APPL 224,0.98292770529843,2.735014557001705
Poplar,RGB2,5_GW-9588-C_R5_I APPL 224,2023-09-15 16:40:10,0,0,2,2023-09-15_RgbImage_2023-09-15_16-40-10.png,Poplar_5_GW-9588-C_R5_I APPL 224,0.9941291179651268,1.248665240000264
Poplar,RGB1,68 LILB_26-1 R7,2023-10-07 07:09:35,0,0,2,2023-10-7_RgbImage_2023-10-07_07-09-35.png,Poplar_68 LILB_26-1 R7,0.906108776035581,2.8681743140004983
Poplar,RGB2,68 LILB_26-1 R7,2023-10-07 07:08:51,0,0,2,2023-10-7_RgbImage_2023-10-07_07-08-51.png,Poplar_68 LILB_26-1 R7,0.981646558569753,1.3436744709979394
Poplar,RGB1,1_GW-9588-C_R1_I APPL 398,2023-09-25 17:56:31,0,0,3,2023-09-25_RgbImage_2023-09-25_17-56-30.png,Poplar_1_GW-9588-C_R1_I APPL 398,0.9795322844396626,2.8906066620002093
Poplar,RGB2,1_GW-9588-C_R1_I APPL 398,2023-09-25 17:55:50,0,0,3,2023-09-25_RgbImage_2023-09-25_17-55-50.png,Poplar_1_GW-9588-C_R1_I APPL 398,0.9925103020684706,1.3065161899976374
Poplar,RGB1,3_GW-9588-C_R3_I APPL 412,2023-09-22 09:26:14,0,0,3,2023-09-22_RgbImage_2023-09-22_09-26-14.png,Poplar_3_GW-9588-C_R3_I APPL 412,0.9713417037329257,2.932830139001453
Poplar,RGB2,3_GW-9588-C_R3_I APPL 412,2023-09-22 09:25:34,0,0,3,2023-09-22_RgbImage_2023-09-22_09-25-33.png,Poplar_3_GW-9588-C_R3_I APPL 412,0.992162728241314,1.257605021000927
Poplar,RGB1,46_BESC-4+K_R4_IV APPL 114,2023-09-25 19:21:52,0,0,3,2023-09-25_RgbImage_2023-09-25_19-21-51.png,Poplar_46_BESC-4+K_R4_IV APPL 114,0.973414695303342,2.8858740649993706
Poplar,RGB2,46_BESC-4+K_R4_IV APPL 114,2023-09-25 19:21:12,0,0,3,2023-09-25_RgbImage_2023-09-25_19-21-12.png,Poplar_46_BESC-4+K_R4_IV APPL 114,0.9934216366824643,1.257056153001031
Poplar,RGB1,5_GW-9588-C_R5_I APPL 224,2023-09-18 12:39:15,0,0,3,2023-09-18_RgbImage_2023-09-18_12-39-14.png,Poplar_5_GW-9588-C_R5_I APPL 224,0.980841522276685,2.7464613969968923
Poplar,RGB2,5_GW-9588-C_R5_I APPL 224,2023-09-18 12:38:32,0,0,3,2023-09-18_RgbImage_2023-09-18_12-38-32.png,Poplar_5_GW-9588-C_R5_I APPL 224,0.9950958309726843,1.2939355759990576
Poplar,RGB1,81 FL-0012 R3,2023-10-28 15:32:41,0,0,4,2023-10-28_RgbImage_2023-10-28_15-32-41.png,Poplar_81 FL-0012 R3,0.9822414148643778,2.9949324170011096
Poplar,RGB1,81 FL-0012 R3,2023-10-29 10:18:44,0,0,4,2023-10-29_RgbImage_2023-10-29_10-18-44.png,Poplar_81 FL-0012 R3,0.9825111155214024,2.9410999739993713
Poplar,RGB2,81 FL-0012 R3,2023-10-28 15:31:57,0,0,4,2023-10-28_RgbImage_2023-10-28_15-31-56.png,Poplar_81 FL-0012 R3,0.9909997094297547,1.342655394000758
Poplar,RGB2,81 FL-0012 R3,2023-10-29 10:18:01,0,0,4,2023-10-29_RgbImage_2023-10-29_10-18-00.png,Poplar_81 FL-0012 R3,0.989747671114859,1.2825012290013547
Poplar,RGB1,354_BESC-1098_1,2024-06-01 10:41:59,0,1,0,2024-06-1_RgbImage_2024-06-01_10-41-58.png,Poplar_354_BESC-1098_1,0.9797051038576511,2.8868158849982137
Poplar,RGB2,354_BESC-1098_1,2024-06-01 10:41:21,0,1,0,2024-06-1_RgbImage_2024-06-01_10-41-20.png,Poplar_354_BESC-1098_1,0.9849184806728272,1.2620722169995133
Poplar,RGB1,BESC-1147,2024-04-09 13:54:43,0,1,0,2024-04-9_RgbImage_2024-04-09_13-54-42.png,Poplar_BESC-1147,0.9733790882411265,2.982626100001653
Poplar,RGB2,BESC-1147,2024-04-09 13:54:00,0,1,0,2024-04-9_RgbImage_2024-04-09_13-53-59.png,Poplar_BESC-1147,0.9907969444324972,1.2842453659977764
Poplar,RGB1,BESC-906,2024-04-09 09:56:33,0,1,0,2024-04-9_RgbImage_2024-04-09_09-56-32.png,Poplar_BESC-906,0.96295239478718,2.8248062519996893
Poplar,RGB2,BESC-906,2024-04-09 09:55:53,0,1,0,2024-04-9_RgbImage_2024-04-09_09-55-53.png,Poplar_BESC-906,0.9913442551423631,1.254492535997997
Poplar,RGB1,GW-2283,2024-04-17 13:21:05,0,1,0,2024-04-17_RgbImage_2024-04-17_13-21-05.png,Poplar_GW-2283,0.9711583894760021,2.9797707329998957
Poplar,RGB2,GW-2283,2024-04-17 13:20:26,0,1,0,2024-04-17_RgbImage_2024-04-17_13-20-26.png,Poplar_GW-2283,0.9869858668576986,1.3310900389988092
Poplar,RGB1,11 Besc-801 R8,2023-10-21 21:56:01,0,1,1,2023-10-21_RgbImage_2023-10-21_21-56-01.png,Poplar_11 Besc-801 R8,0.9814527911121473,2.974772932997439
Poplar,RGB2,11 Besc-801 R8,2023-10-21 21:55:20,0,1,1,2023-10-21_RgbImage_2023-10-21_21-55-19.png,Poplar_11 Besc-801 R8,0.9929964958461811,1.3321606730023632
Poplar,RGB1,22_GW-9914-C_R4_I APPL 197,2023-09-25 19:00:42,0,1,1,2023-09-25_RgbImage_2023-09-25_19-00-41.png,Poplar_22_GW-9914-C_R4_I APPL 197,0.9700809459028271,2.8467974880004476
Poplar,RGB2,22_GW-9914-C_R4_I APPL 197,2023-09-25 19:00:01,0,1,1,2023-09-25_RgbImage_2023-09-25_19-00-01.png,Poplar_22_GW-9914-C_R4_I APPL 197,0.9889922993338773,1.2778435229993192
Poplar,RGB1,57_52-225_R2_FS,2024-05-10 13:35:26,0,1,1,2024-05-10_RgbImage_2024-05-10_13-35-25.png,Poplar_57_52-225_R2_FS,0.9693625737835342,2.810795584002335
Poplar,RGB2,57_52-225_R2_FS,2024-05-10 13:34:44,0,1,1,2024-05-10_RgbImage_2024-05-10_13-34-43.png,Poplar_57_52-225_R2_FS,0.9777033243339582,1.3642880309998873
Poplar,RGB1,CHWJ-27-1,2024-04-07 14:17:57,0,1,1,2024-04-7_RgbImage_2024-04-07_14-17-56.png,Poplar_CHWJ-27-1,0.9675461402966384,2.844998418000614
Poplar,RGB2,CHWJ-27-1,2024-04-07 14:17:16,0,1,1,2024-04-7_RgbImage_2024-04-07_14-17-15.png,Poplar_CHWJ-27-1,0.992147865188343,1.2586595040011161
Poplar,RGB1,27_BESC 24_R6_PM,2024-05-10 14:47:33,0,1,2,2024-05-10_RgbImage_2024-05-10_14-47-32.png,Poplar_27_BESC 24_R6_PM,0.977552072048893,2.8237174629975925
Poplar,RGB2,27_BESC 24_R6_PM,2024-05-10 14:46:53,0,1,2,2024-05-10_RgbImage_2024-05-10_14-46-53.png,Poplar_27_BESC 24_R6_PM,0.9906927559783747,1.3219253520001075
Poplar,RGB1,35 GW-9898 R1,2023-10-22 13:56:33,0,1,2,2023-10-22_RgbImage_2023-10-22_13-56-32.png,Poplar_35 GW-9898 R1,0.9765367441472882,3.0076691759968526
Poplar,RGB2,35 GW-9898 R1,2023-10-22 13:55:51,0,1,2,2023-10-22_RgbImage_2023-10-22_13-55-50.png,Poplar_35 GW-9898 R1,0.9871469786329611,1.2871189790021162
Poplar,RGB1,51_BESC-4+Na_R3_I APPL 391,2023-09-15 18:36:14,0,1,3,2023-09-15_RgbImage_2023-09-15_18-36-14.png,Poplar_51_BESC-4+Na_R3_I APPL 391,0.9794536509765922,2.8956539630016778
Poplar,RGB2,51_BESC-4+Na_R3_I APPL 391,2023-09-15 18:35:32,0,1,3,2023-09-15_RgbImage_2023-09-15_18-35-32.png,Poplar_51_BESC-4+Na_R3_I APPL 391,0.9958211394585951,1.3145865779988526
Poplar,RGB1,4_ILL-101_R1_FS,2024-05-10 16:50:38,0,1,4,2024-05-10_RgbImage_2024-05-10_16-50-37.png,Poplar_4_ILL-101_R1_FS,0.9860604843568239,2.8030710909988557
Poplar,RGB2,4_ILL-101_R1_FS,2024-05-10 16:49:56,0,1,4,2024-05-10_RgbImage_2024-05-10_16-49-55.png,Poplar_4_ILL-101_R1_FS,0.9847779448357284,1.2432738059978874
Poplar,RGB1,64_YALE-27-3+K_R4_IV APPL 120,2023-09-18 13:22:16,0,1,4,2023-09-18_RgbImage_2023-09-18_13-22-15.png,Poplar_64_YALE-27-3+K_R4_IV APPL 120,0.9819889101933129,2.736255821000668
Poplar,RGB2,64_YALE-27-3+K_R4_IV APPL 120,2023-09-18 13:21:35,0,1,4,2023-09-18_RgbImage_2023-09-18_13-21-34.png,Poplar_64_YALE-27-3+K_R4_IV APPL 120,0.9946064104509119,1.2303733070002636
Poplar,RGB1,99_D-124_R4_FS,2024-05-13 08:59:49,0,1,4,2024-05-13_RgbImage_2024-05-13_08-59-48.png,Poplar_99_D-124_R4_FS,0.9803466495482078,2.7949075370015635
Poplar,RGB2,99_D-124_R4_FS,2024-05-13 08:59:07,0,1,4,2024-05-13_RgbImage_2024-05-13_08-59-07.png,Poplar_99_D-124_R4_FS,0.9691548426897407,1.2485076910015778
Poplar,RGB1,BESC-154,2024-03-27 15:00:58,0,2,0,2024-03-27_RgbImage_2024-03-27_15-00-57.png,Poplar_BESC-154,0.953965864364564,2.7666858329976094
Poplar,RGB2,BESC-154,2024-03-27 15:00:16,0,2,0,2024-03-27_RgbImage_2024-03-27_15-00-16.png,Poplar_BESC-154,0.9856453376469875,1.226647483999841
Poplar,RGB1,VNDL-27-5,2024-03-29 06:48:54,0,2,0,2024-03-29_RgbImage_2024-03-29_06-48-53.png,Poplar_VNDL-27-5,0.9717354085603993,2.750286798000161
Poplar,RGB2,VNDL-27-5,2024-03-29 06:48:08,0,2,0,2024-03-29_RgbImage_2024-03-29_06-48-07.png,Poplar_VNDL-27-5,0.9849610544576077,1.2260718350007664
Poplar,RGB1,68 LILB_26-1 R7,2023-10-21 13:19:09,0,2,1,2023-10-21_RgbImage_2023-10-21_13-19-08.png,Poplar_68 LILB_26-1 R7,0.9397395526849264,2.7546628509990114
Poplar,RGB2,68 LILB_26-1 R7,2023-10-21 13:18:26,0,2,1,2023-10-21_RgbImage_2023-10-21_13-18-25.png,Poplar_68 LILB_26-1 R7,0.9857958705520756,1.257492959000956
Poplar,RGB1,BESC-250,2024-04-02 12:29:08,0,2,1,2024-04-2_RgbImage_2024-04-02_12-29-08.png,Poplar_BESC-250,0.9775851106186153,2.8491697019999265
Poplar,RGB2,BESC-250,2024-04-02 12:28:26,0,2,1,2024-04-2_RgbImage_2024-04-02_12-28-25.png,Poplar_BESC-250,0.9837677846095175,1.2643769930000417
Poplar,RGB1,HRSO-27-2,2024-03-26 12:40:55,0,2,1,2024-03-26_RgbImage_2024-03-26_12-40-55.png,Poplar_HRSO-27-2,0.972794281885272,2.7805348849979055
Poplar,RGB2,HRSO-27-2,2024-03-26 12:40:13,0,2,1,2024-03-26_RgbImage_2024-03-26_12-40-13.png,Poplar_HRSO-27-2,0.9909493351818099,1.2350790330019663
Poplar,RGB1,35_GW-9914+Na_R5_I APPL 167,2023-10-13 10:02:49,0,2,2,2023-10-13_RgbImage_2023-10-13_10-02-48.png,Poplar_35_GW-9914+Na_R5_I APPL 167,0.9794858469909693,2.749479231002624
Poplar,RGB2,35_GW-9914+Na_R5_I APPL 167,2023-10-13 10:02:03,0,2,2,2023-10-13_RgbImage_2023-10-13_10-02-03.png,Poplar_35_GW-9914+Na_R5_I APPL 167,0.9852563565176737,1.2125556920000236
Poplar,RGB1,414_CHWH-27-4_2,2024-06-02 08:18:45,0,2,2,2024-06-2_RgbImage_2024-06-02_08-18-45.png,Poplar_414_CHWH-27-4_2,0.9678935450931166,2.836667526000383
Poplar,RGB2,414_CHWH-27-4_2,2024-06-02 08:18:05,0,2,2,2024-06-2_RgbImage_2024-06-02_08-18-05.png,Poplar_414_CHWH-27-4_2,0.9757283513015124,1.2686106569999538
Poplar,RGB1,SKWA-24-5,2024-03-31 13:09:04,0,2,2,2024-03-31_RgbImage_2024-03-31_13-09-04.png,Poplar_SKWA-24-5,0.968883192291302,2.8267071549998946
Poplar,RGB2,SKWA-24-5,2024-03-31 13:08:22,0,2,2,2024-03-31_RgbImage_2024-03-31_13-08-21.png,Poplar_SKWA-24-5,0.9910401864871454,1.2804289599989715
Poplar,RGB1,29 CMBF_28-5 R1,2023-12-21 10:21:51,0,2,3,2023-12-21_RgbImage_2023-12-21_10-21-51.png,Poplar_29 CMBF_28-5 R1,0.9831633258729355,2.8666000550001627
Poplar,RGB2,29 CMBF_28-5 R1,2023-12-21 10:21:08,0,2,3,2023-12-21_RgbImage_2023-12-21_10-21-07.png,Poplar_29 CMBF_28-5 R1,0.9930349518105117,1.2734905329998583
Poplar,RGB1,8_GW-9588+K_R2_IV APPL 101,2023-09-15 16:19:06,0,2,3,2023-09-15_RgbImage_2023-09-15_16-19-05.png,Poplar_8_GW-9588+K_R2_IV APPL 101,0.9747611032444023,2.821653400998912
Poplar,RGB2,8_GW-9588+K_R2_IV APPL 101,2023-09-15 16:18:23,0,2,3,2023-09-15_RgbImage_2023-09-15_16-18-23.png,Poplar_8_GW-9588+K_R2_IV APPL 101,0.9866187559576416,1.2575873759997194
Poplar,RGB1,49_BESC-4+Na_R1_I APPL 518,2023-09-15 14:30:43,0,2,4,2023-09-15_RgbImage_2023-09-15_14-30-43.png,Poplar_49_BESC-4+Na_R1_I APPL 518,0.9724358919875328,2.8125349410001945
Poplar,RGB2,49_BESC-4+Na_R1_I APPL 518,2023-09-15 14:29:59,0,2,4,2023-09-15_RgbImage_2023-09-15_14-29-58.png,Poplar_49_BESC-4+Na_R1_I APPL 518,0.9938782865943053,1.2313400950006326
Poplar,RGB1,60 Besc-801 R6,2023-12-21 09:53:40,0,2,4,2023-12-21_RgbImage_2023-12-21_09-53-39.png,Poplar_60 Besc-801 R6,0.970419940990176,2.782175174997974
Poplar,RGB2,60 Besc-801 R6,2023-12-21 09:52:56,0,2,4,2023-12-21_RgbImage_2023-12-21_09-52-56.png,Poplar_60 Besc-801 R6,0.9859021366705659,1.2572687350002525
Poplar,RGB1,BESC-182,2024-04-03 11:40:27,0,3,0,2024-04-3_RgbImage_2024-04-03_11-40-27.png,Poplar_BESC-182,0.9746487377406018,2.794884742997965
Poplar,RGB2,BESC-182,2024-04-03 11:39:45,0,3,0,2024-04-3_RgbImage_2024-04-03_11-39-45.png,Poplar_BESC-182,0.965961438906438,1.242859142999805
Poplar,RGB1,GW-9877,2024-03-31 18:46:11,0,3,0,2024-03-31_RgbImage_2024-03-31_18-46-10.png,Poplar_GW-9877,0.9695354542070515,2.8001128059986513
Poplar,RGB2,GW-9877,2024-03-31 18:45:28,0,3,0,2024-03-31_RgbImage_2024-03-31_18-45-28.png,Poplar_GW-9877,0.9876913030197961,1.234464791999926
Poplar,RGB1,17 Nisq-1 R2,2023-12-19 13:04:47,0,3,1,2023-12-19_RgbImage_2023-12-19_13-04-47.png,Poplar_17 Nisq-1 R2,0.9606506472545868,2.724474217000534
Poplar,RGB2,17 Nisq-1 R2,2023-12-19 13:04:04,0,3,1,2023-12-19_RgbImage_2023-12-19_13-04-03.png,Poplar_17 Nisq-1 R2,0.9871086785384636,1.2297162239992758
Poplar,RGB1,BESC-190,2024-03-28 22:19:33,0,3,1,2024-03-28_RgbImage_2024-03-28_22-19-33.png,Poplar_BESC-190,0.9637237551930168,2.772559244000149
Poplar,RGB2,BESC-190,2024-03-28 22:18:51,0,3,1,2024-03-28_RgbImage_2024-03-28_22-18-51.png,Poplar_BESC-190,0.9849409389501881,1.2700164950001636
Poplar,RGB1,BESC-312,2024-03-27 15:15:39,0,3,1,2024-03-27_RgbImage_2024-03-27_15-15-39.png,Poplar_BESC-312,0.9731214491273833,2.76124162799897
Poplar,RGB2,BESC-312,2024-03-27 15:14:57,0,3,1,2024-03-27_RgbImage_2024-03-27_15-14-56.png,Poplar_BESC-312,0.9897501317955315,1.2466278770007193
Poplar,RGB1,BESC-77,2024-04-05 11:02:03,0,3,1,2024-04-5_RgbImage_2024-04-05_11-02-03.png,Poplar_BESC-77,0.9705992573162607,2.7545231059993966
Poplar,RGB2,BESC-77,2024-04-05 11:01:22,0,3,1,2024-04-5_RgbImage_2024-04-05_11-01-21.png,Poplar_BESC-77,0.9718799744120384,1.2303947569998854
Poplar,RGB1,45 Nisq-1 R7,2023-12-21 12:14:55,0,3,2,2023-12-21_RgbImage_2023-12-21_12-14-55.png,Poplar_45 Nisq-1 R7,0.9750794156553839,2.748272247998102
Poplar,RGB2,45 Nisq-1 R7,2023-12-21 12:14:12,0,3,2,2023-12-21_RgbImage_2023-12-21_12-14-11.png,Poplar_45 Nisq-1 R7,0.9823978848860695,1.2412388189986814
Poplar,RGB1,77 Besc-801 R7,2023-12-19 07:53:44,0,3,2,2023-12-19_RgbImage_2023-12-19_07-53-44.png,Poplar_77 Besc-801 R7,0.9661516180488874,2.714204462001362
Poplar,RGB2,77 Besc-801 R7,2023-12-19 07:53:00,0,3,2,2023-12-19_RgbImage_2023-12-19_07-53-00.png,Poplar_77 Besc-801 R7,0.9730849930123011,1.250398194999434
Poplar,RGB1,94_BESC 24_R3_FS,2024-05-07 15:04:19,0,3,2,2024-05-7_RgbImage_2024-05-07_15-04-18.png,Poplar_94_BESC 24_R3_FS,0.9720670687396974,2.738019574997452
Poplar,RGB2,94_BESC 24_R3_FS,2024-05-07 15:03:38,0,3,2,2024-05-7_RgbImage_2024-05-07_15-03-37.png,Poplar_94_BESC 24_R3_FS,0.9897264333739432,1.2600154760002624
Poplar,RGB1,54 52-225 R4,2023-12-27 09:10:52,0,3,3,2023-12-27_RgbImage_2023-12-27_09-10-51.png,Poplar_54 52-225 R4,0.9615961619010653,2.7213990630007174
Poplar,RGB2,54 52-225 R4,2023-12-27 09:10:08,0,3,3,2023-12-27_RgbImage_2023-12-27_09-10-08.png,Poplar_54 52-225 R4,0.9754828949262965,1.2167051260003063
Poplar,RGB1,65 Besc-801 R5,2023-12-27 06:28:47,0,3,3,2023-12-27_RgbImage_2023-12-27_06-28-46.png,Poplar_65 Besc-801 R5,0.9738349738542825,2.7527620359978755
Poplar,RGB2,65 Besc-801 R5,2023-12-27 06:28:04,0,3,3,2023-12-27_RgbImage_2023-12-27_06-28-03.png,Poplar_65 Besc-801 R5,0.9918579303463613,1.2277843120027683
Poplar,RGB1,GW-2283,2024-03-28 14:50:22,0,3,3,2024-03-28_RgbImage_2024-03-28_14-50-22.png,Poplar_GW-2283,0.96809144118645,2.7781706530004158
Poplar,RGB2,GW-2283,2024-03-28 14:49:40,0,3,3,2024-03-28_RgbImage_2024-03-28_14-49-39.png,Poplar_GW-2283,0.988353825216365,1.2387618950015167
Poplar,RGB1,GW-8585,2024-03-29 08:24:24,0,3,3,2024-03-29_RgbImage_2024-03-29_08-24-23.png,Poplar_GW-8585,0.9726055738105598,2.7264979319988925
Poplar,RGB2,GW-8585,2024-03-29 08:23:42,0,3,3,2024-03-29_RgbImage_2024-03-29_08-23-41.png,Poplar_GW-8585,0.9619513278739857,1.2219961089977005
Poplar,RGB1,35_GW-9914+Na_R5_I APPL 167,2023-09-27 06:55:13,0,3,4,2023-09-27_RgbImage_2023-09-27_06-55-13.png,Poplar_35_GW-9914+Na_R5_I APPL 167,0.9667951143648437,2.76905875599914
Poplar,RGB2,35_GW-9914+Na_R5_I APPL 167,2023-09-27 06:54:23,0,3,4,2023-09-27_RgbImage_2023-09-27_06-54-22.png,Poplar_35_GW-9914+Na_R5_I APPL 167,0.9869246448237247,1.2355304169977899
Poplar,RGB1,6 GW-9898 R4,2023-12-19 15:04:47,0,3,4,2023-12-19_RgbImage_2023-12-19_15-04-47.png,Poplar_6 GW-9898 R4,0.9624297014053326,2.7262425789995177
Poplar,RGB2,6 GW-9898 R4,2023-12-19 15:04:04,0,3,4,2023-12-19_RgbImage_2023-12-19_15-04-04.png,Poplar_6 GW-9898 R4,0.974404355968417,1.219749490999675
Poplar,RGB1,BESC-1017,2024-03-27 10:14:42,0,4,0,2024-03-27_RgbImage_2024-03-27_10-14-41.png,Poplar_BESC-1017,0.9649764847594773,2.7522173760007718
Poplar,RGB2,BESC-1017,2024-03-27 10:13:59,0,4,0,2024-03-27_RgbImage_2024-03-27_10-13-58.png,Poplar_BESC-1017,0.9850370793367004,1.2316528459996334
Poplar,RGB1,BESC-111,2024-03-31 14:07:42,0,4,0,2024-03-31_RgbImage_2024-03-31_14-07-42.png,Poplar_BESC-111,0.9668069345814134,2.7226328650031064
Poplar,RGB2,BESC-111,2024-03-31 14:06:59,0,4,0,2024-03-31_RgbImage_2024-03-31_14-06-59.png,Poplar_BESC-111,0.9829693198528592,1.2156220990000293
Poplar,RGB1,SQMC-25-4,2024-03-31 11:41:06,0,4,0,2024-03-31_RgbImage_2024-03-31_11-41-05.png,Poplar_SQMC-25-4,0.9497397212505039,2.7429865849990165
Poplar,RGB2,SQMC-25-4,2024-03-31 11:40:24,0,4,0,2024-03-31_RgbImage_2024-03-31_11-40-23.png,Poplar_SQMC-25-4,0.9557260126499697,1.2236740709995502
Poplar,RGB1,BESC-209,2024-03-28 08:51:07,0,4,1,2024-03-28_RgbImage_2024-03-28_08-51-06.png,Poplar_BESC-209,0.9526016571918391,2.7609158209997986
Poplar,RGB2,BESC-209,2024-03-28 08:50:25,0,4,1,2024-03-28_RgbImage_2024-03-28_08-50-24.png,Poplar_BESC-209,0.9870861099477668,1.2145652499966673
Poplar,RGB1,GW-9864,2024-03-26 14:38:27,0,4,1,2024-03-26_RgbImage_2024-03-26_14-38-26.png,Poplar_GW-9864,0.9637579027910064,2.721180449003441
Poplar,RGB2,GW-9864,2024-03-26 14:37:44,0,4,1,2024-03-26_RgbImage_2024-03-26_14-37-44.png,Poplar_GW-9864,0.9258204829497693,1.2228403349981818
Poplar,RGB1,SLMB-28-2,2024-03-26 11:27:26,0,4,1,2024-03-26_RgbImage_2024-03-26_11-27-25.png,Poplar_SLMB-28-2,0.954148210224329,2.7260125249995326
Poplar,RGB2,SLMB-28-2,2024-03-26 11:26:43,0,4,1,2024-03-26_RgbImage_2024-03-26_11-26-43.png,Poplar_SLMB-28-2,0.9824421593831086,1.2181726199996774
Poplar,RGB1,SQMC-25-3,2024-04-04 12:17:19,0,4,1,2024-04-4_RgbImage_2024-04-04_12-17-18.png,Poplar_SQMC-25-3,0.9701434897963752,2.861198771999625
Poplar,RGB2,SQMC-25-3,2024-04-04 12:16:36,0,4,1,2024-04-4_RgbImage_2024-04-04_12-16-36.png,Poplar_SQMC-25-3,0.9863391809117368,1.26650883199909
Poplar,RGB1,BESC-192,2024-03-26 18:55:55,0,4,2,2024-03-26_RgbImage_2024-03-26_18-55-54.png,Poplar_BESC-192,0.9623275366488006,2.762726813998597
Poplar,RGB2,BESC-192,2024-03-26 18:55:13,0,4,2,2024-03-26_RgbImage_2024-03-26_18-55-12.png,Poplar_BESC-192,0.979438056112023,1.2401068879989907
Poplar,RGB1,HARB-26-2,2024-03-28 15:34:18,0,4,2,2024-03-28_RgbImage_2024-03-28_15-34-18.png,Poplar_HARB-26-2,0.9560597765485318,2.778921351000463
Poplar,RGB2,HARB-26-2,2024-03-28 15:33:34,0,4,2,2024-03-28_RgbImage_2024-03-28_15-33-34.png,Poplar_HARB-26-2,0.883121532129764,1.2334910409990698
Poplar,RGB1,23 93-968 R7,2023-12-19 13:47:08,0,4,3,2023-12-19_RgbImage_2023-12-19_13-47-08.png,Poplar_23 93-968 R7,0.9495105840296755,2.7954901949997293
Poplar,RGB2,23 93-968 R7,2023-12-19 13:46:25,0,4,3,2023-12-19_RgbImage_2023-12-19_13-46-24.png,Poplar_23 93-968 R7,0.9766528474799002,1.2465235290001146
Poplar,RGB1,BESC-1091,2024-03-30 10:21:18,0,4,3,2024-03-30_RgbImage_2024-03-30_10-21-17.png,Poplar_BESC-1091,0.9487928516202883,2.7932424760001595
Poplar,RGB2,BESC-1091,2024-03-30 10:20:35,0,4,3,2024-03-30_RgbImage_2024-03-30_10-20-35.png,Poplar_BESC-1091,0.9733550404592882,1.2744470100005856
Poplar,RGB1,WELC-27-1,2024-04-01 18:38:36,0,4,3,2024-04-1_RgbImage_2024-04-01_18-38-35.png,Poplar_WELC-27-1,0.9636456305409821,2.7618013140017865
Poplar,RGB2,WELC-27-1,2024-04-01 18:37:53,0,4,3,2024-04-1_RgbImage_2024-04-01_18-37-53.png,Poplar_WELC-27-1,0.9354708881140736,1.223031555997295
Poplar,RGB1,16 FL-0165 R4,2023-12-21 12:57:20,0,4,4,2023-12-21_RgbImage_2023-12-21_12-57-20.png,Poplar_16 FL-0165 R4,0.9119043849963628,2.7226151209979434
Poplar,RGB2,16 FL-0165 R4,2023-12-21 12:56:36,0,4,4,2023-12-21_RgbImage_2023-12-21_12-56-35.png,Poplar_16 FL-0165 R4,0.9492516664578473,1.254936784000165
Poplar,RGB1,22 ILL-101 R7,2023-12-27 13:39:03,0,4,4,2023-12-27_RgbImage_2023-12-27_13-39-03.png,Poplar_22 ILL-101 R7,0.9381183822266508,2.7580347130024165
Poplar,RGB1,22 ILL-101 R7,2023-12-19 13:40:05,0,4,4,2023-12-19_RgbImage_2023-12-19_13-40-04.png,Poplar_22 ILL-101 R7,0.9246084112707382,2.824136223000096
Poplar,RGB2,22 ILL-101 R7,2023-12-27 13:38:20,0,4,4,2023-12-27_RgbImage_2023-12-27_13-38-19.png,Poplar_22 ILL-101 R7,0.9473062503216667,1.2250604719993134
Poplar,RGB2,22 ILL-101 R7,2023-12-19 13:39:21,0,4,4,2023-12-19_RgbImage_2023-12-19_13-39-21.png,Poplar_22 ILL-101 R7,0.8972689898224043,1.2385067130016978
Poplar,RGB1,42_BESC-4-C_R6_I APPL 435,2023-09-18 08:13:05,0,4,4,2023-09-18_RgbImage_2023-09-18_08-13-04.png,Poplar_42_BESC-4-C_R6_I APPL 435,0.9693308303469317,2.7959939970023697
Poplar,RGB2,42_BESC-4-C_R6_I APPL 435,2023-09-18 08:12:21,0,4,4,2023-09-18_RgbImage_2023-09-18_08-12-20.png,Poplar_42_BESC-4-C_R6_I APPL 435,0.9911426948395603,1.2659680899996602
Poplar,RGB1,74_WT717+Na_R2_I APPL 28,2023-09-15 14:52:10,1,0,0,2023-09-15_RgbImage_2023-09-15_14-52-10.png,Poplar_74_WT717+Na_R2_I APPL 28,0.9787753688706087,2.813490284999716
Poplar,RGB1,74_WT717+Na_R2_I APPL 28,2023-09-20 10:50:28,1,0,0,2023-09-20_RgbImage_2023-09-20_10-50-28.png,Poplar_74_WT717+Na_R2_I APPL 28,0.9806984929277586,2.757897112998762
Poplar,RGB2,74_WT717+Na_R2_I APPL 28,2023-09-15 14:51:40,1,0,0,2023-09-15_RgbImage_2023-09-15_14-51-40.png,Poplar_74_WT717+Na_R2_I APPL 28,0.9896217613864745,1.2240400730006513
Poplar,RGB2,74_WT717+Na_R2_I APPL 28,2023-09-20 10:49:59,1,0,0,2023-09-20_RgbImage_2023-09-20_10-49-58.png,Poplar_74_WT717+Na_R2_I APPL 28,0.9876475110898235,1.282296609999321
Poplar,RGB1,BESC-407,2024-04-13 12:17:53,1,0,0,2024-04-13_RgbImage_2024-04-13_12-17-53.png,Poplar_BESC-407,0.9774071895651382,2.8034037170000374
Poplar,RGB2,BESC-407,2024-04-13 12:17:13,1,0,0,2024-04-13_RgbImage_2024-04-13_12-17-12.png,Poplar_BESC-407,0.9808916605654447,1.2228487600004883
Poplar,RGB1,GW-2045,2024-04-17 07:45:31,1,0,0,2024-04-17_RgbImage_2024-04-17_07-45-31.png,Poplar_GW-2045,0.9793070614820502,2.7753155440004775
Poplar,RGB2,GW-2045,2024-04-17 07:44:55,1,0,0,2024-04-17_RgbImage_2024-04-17_07-44-54.png,Poplar_GW-2045,0.992898138814332,1.2232729429997562
Poplar,RGB1,22_GW-9914-C_R4_I APPL 197,2023-10-06 16:06:44,1,0,1,2023-10-6_RgbImage_2023-10-06_16-06-44.png,Poplar_22_GW-9914-C_R4_I APPL 197,0.9761160564684811,2.718906539001182
Poplar,RGB2,22_GW-9914-C_R4_I APPL 197,2023-10-06 16:06:09,1,0,1,2023-10-6_RgbImage_2023-10-06_16-06-08.png,Poplar_22_GW-9914-C_R4_I APPL 197,0.9929232749695395,1.2141769750014646
Poplar,RGB1,BESC-394,2024-04-07 10:55:21,1,0,1,2024-04-7_RgbImage_2024-04-07_10-55-21.png,Poplar_BESC-394,0.9756229001591801,2.871048562999931
Poplar,RGB2,BESC-394,2024-04-07 10:54:43,1,0,1,2024-04-7_RgbImage_2024-04-07_10-54-43.png,Poplar_BESC-394,0.9928523676170236,1.2639823160025117
Poplar,RGB1,BESC-813,2024-04-14 14:41:17,1,0,1,2024-04-14_RgbImage_2024-04-14_14-41-16.png,Poplar_BESC-813,0.9844940312197531,2.867403762000322
Poplar,RGB2,BESC-813,2024-04-14 14:40:40,1,0,1,2024-04-14_RgbImage_2024-04-14_14-40-39.png,Poplar_BESC-813,0.992360033726816,1.2388352339985431
Poplar,RGB1,GW-9845,2024-04-11 16:09:56,1,0,1,2024-04-11_RgbImage_2024-04-11_16-09-56.png,Poplar_GW-9845,0.9770285758000657,2.799193375001778
Poplar,RGB2,GW-9845,2024-04-11 16:09:16,1,0,1,2024-04-11_RgbImage_2024-04-11_16-09-16.png,Poplar_GW-9845,0.9916759196871836,1.2738295320014004
Poplar,RGB1,278_BESC-304_1,2024-05-26 14:23:50,1,0,2,2024-05-26_RgbImage_2024-05-26_14-23-50.png,Poplar_278_BESC-304_1,0.9669767382743235,2.767692490997433
Poplar,RGB2,278_BESC-304_1,2024-05-26 14:23:11,1,0,2,2024-05-26_RgbImage_2024-05-26_14-23-10.png,Poplar_278_BESC-304_1,0.9839095179271041,1.277080648997071
Poplar,RGB1,56_BESC 371_R6_PM,2024-05-07 18:56:19,1,0,2,2024-05-7_RgbImage_2024-05-07_18-56-19.png,Poplar_56_BESC 371_R6_PM,0.9789661135719562,2.843410440000298
Poplar,RGB2,56_BESC 371_R6_PM,2024-05-07 18:55:41,1,0,2,2024-05-7_RgbImage_2024-05-07_18-55-41.png,Poplar_56_BESC 371_R6_PM,0.985765285931017,1.2243811070002266
Poplar,RGB1,9_GW-9588+K_R3_IV APPL 102,2023-09-27 09:58:25,1,0,2,2023-09-27_RgbImage_2023-09-27_09-58-25.png,Poplar_9_GW-9588+K_R3_IV APPL 102,0.9736410961528162,2.783452777999628
Poplar,RGB2,9_GW-9588+K_R3_IV APPL 102,2023-09-27 09:57:46,1,0,2,2023-09-27_RgbImage_2023-09-27_09-57-45.png,Poplar_9_GW-9588+K_R3_IV APPL 102,0.9884796083910927,1.2333223810019263
Poplar,RGB1,11_GW-9588+K_R5_IV APPL 104,2023-10-02 13:56:27,1,0,3,2023-10-2_RgbImage_2023-10-02_13-56-27.png,Poplar_11_GW-9588+K_R5_IV APPL 104,0.9827784435240114,2.776978447000147
Poplar,RGB2,11_GW-9588+K_R5_IV APPL 104,2023-10-02 13:55:50,1,0,3,2023-10-2_RgbImage_2023-10-02_13-55-49.png,Poplar_11_GW-9588+K_R5_IV APPL 104,0.9928106940013923,1.2318658670010336
Poplar,RGB1,1_GW-9588-C_R1_I APPL 398,2023-10-02 15:06:46,1,0,3,2023-10-2_RgbImage_2023-10-02_15-06-45.png,Poplar_1_GW-9588-C_R1_I APPL 398,0.9841769514938933,2.8254813839994313
Poplar,RGB2,1_GW-9588-C_R1_I APPL 398,2023-10-02 15:06:08,1,0,3,2023-10-2_RgbImage_2023-10-02_15-06-07.png,Poplar_1_GW-9588-C_R1_I APPL 398,0.993418241785451,1.2333769039978506
Poplar,RGB1,67_YALE-27-3+Na_R1_I APPL 189,2023-10-06 07:02:06,1,0,3,2023-10-6_RgbImage_2023-10-06_07-02-06.png,Poplar_67_YALE-27-3+Na_R1_I APPL 189,0.9838426895529019,2.8431803149978805
Poplar,RGB2,67_YALE-27-3+Na_R1_I APPL 189,2023-10-06 07:01:31,1,0,3,2023-10-6_RgbImage_2023-10-06_07-01-31.png,Poplar_67_YALE-27-3+Na_R1_I APPL 189,0.9940833308089335,1.2593137990006653
Poplar,RGB1,98_#1428_R1_PM,2024-05-13 08:52:29,1,0,3,2024-05-13_RgbImage_2024-05-13_08-52-28.png,Poplar_98_#1428_R1_PM,0.9906139997594066,2.7584129870010656
Poplar,RGB2,98_#1428_R1_PM,2024-05-13 08:51:51,1,0,3,2024-05-13_RgbImage_2024-05-13_08-51-51.png,Poplar_98_#1428_R1_PM,0.9969529994317731,1.2509585730003892
Poplar,RGB1,23 93-968 R7,2023-10-29 15:31:15,1,0,4,2023-10-29_RgbImage_2023-10-29_15-31-14.png,Poplar_23 93-968 R7,0.9874692829355626,2.7751583050012414
Poplar,RGB2,23 93-968 R7,2023-10-29 15:30:36,1,0,4,2023-10-29_RgbImage_2023-10-29_15-30-35.png,Poplar_23 93-968 R7,0.9839267322544027,1.2324014289988554
Poplar,RGB1,51_BESC-4+Na_R3_I APPL 391,2023-10-02 14:24:35,1,0,4,2023-10-2_RgbImage_2023-10-02_14-24-35.png,Poplar_51_BESC-4+Na_R3_I APPL 391,0.9855296080259549,2.8287867229992116
Poplar,RGB2,51_BESC-4+Na_R3_I APPL 391,2023-10-02 14:24:00,1,0,4,2023-10-2_RgbImage_2023-10-02_14-24-00.png,Poplar_51_BESC-4+Na_R3_I APPL 391,0.9947571800646619,1.2303651699985494
Poplar,RGB1,84_ILL-101_R2_PM,2024-05-13 07:11:30,1,0,4,2024-05-13_RgbImage_2024-05-13_07-11-30.png,Poplar_84_ILL-101_R2_PM,0.9930620111098556,2.778975110999454
Poplar,RGB2,84_ILL-101_R2_PM,2024-05-13 07:10:51,1,0,4,2024-05-13_RgbImage_2024-05-13_07-10-50.png,Poplar_84_ILL-101_R2_PM,0.9908186096751831,1.2648987280008441
Poplar,RGB1,GW-2402,2024-04-18 15:35:10,1,1,0,2024-04-18_RgbImage_2024-04-18_15-35-09.png,Poplar_GW-2402,0.9603642172388168,2.7520481430001382
Poplar,RGB2,GW-2402,2024-04-18 15:34:31,1,1,0,2024-04-18_RgbImage_2024-04-18_15-34-30.png,Poplar_GW-2402,0.9908790775966974,1.2570264139976643
Poplar,RGB1,GW-4606,2024-04-16 10:51:10,1,1,0,2024-04-16_RgbImage_2024-04-16_10-51-10.png,Poplar_GW-4606,0.975254462403227,2.7698726929993427
Poplar,RGB2,GW-4606,2024-04-16 10:50:34,1,1,0,2024-04-16_RgbImage_2024-04-16_10-50-33.png,Poplar_GW-4606,0.9928777742578738,1.2250219489978917
Poplar,RGB1,GW-9810,2024-04-19 10:14:35,1,1,0,2024-04-19_RgbImage_2024-04-19_10-14-35.png,Poplar_GW-9810,0.9579450742633031,2.8317769649984257
Poplar,RGB2,GW-9810,2024-04-19 10:13:54,1,1,0,2024-04-19_RgbImage_2024-04-19_10-13-53.png,Poplar_GW-9810,0.9734750616343255,1.2362212410007487
Poplar,RGB1,GW-9884,2024-04-21 15:06:06,1,1,0,2024-04-21_RgbImage_2024-04-21_15-06-06.png,Poplar_GW-9884,0.9666568637581835,2.7183438739994017
Poplar,RGB2,GW-9884,2024-04-21 15:05:28,1,1,0,2024-04-21_RgbImage_2024-04-21_15-05-28.png,Poplar_GW-9884,0.9886733775407505,1.245943341000384
Poplar,RGB1,15_BESC 375_R2_FS,2024-05-06 18:46:51,1,1,1,2024-05-6_RgbImage_2024-05-06_18-46-50.png,Poplar_15_BESC 375_R2_FS,0.9719263971643737,2.7689579219986626
Poplar,RGB2,15_BESC 375_R2_FS,2024-05-06 18:46:12,1,1,1,2024-05-6_RgbImage_2024-05-06_18-46-11.png,Poplar_15_BESC 375_R2_FS,0.9820061739874479,1.2138454690029903
Poplar,RGB1,350_KLNE-20-4_6,2024-05-27 11:32:50,1,1,1,2024-05-27_RgbImage_2024-05-27_11-32-49.png,Poplar_350_KLNE-20-4_6,0.9456746538395445,2.776041894998343
Poplar,RGB2,350_KLNE-20-4_6,2024-05-27 11:32:09,1,1,1,2024-05-27_RgbImage_2024-05-27_11-32-09.png,Poplar_350_KLNE-20-4_6,0.9839348476240445,1.216635133001546
Poplar,RGB1,352_BESC-1166_8,2024-06-13 11:34:52,1,1,1,2024-06-13_RgbImage_2024-06-13_11-34-52.png,Poplar_352_BESC-1166_8,0.968565794210775,2.704382809002709
Poplar,RGB2,352_BESC-1166_8,2024-06-13 11:34:15,1,1,1,2024-06-13_RgbImage_2024-06-13_11-34-15.png,Poplar_352_BESC-1166_8,0.974910128388035,1.252339413997106
Poplar,RGB1,304_BESC-44_4,2024-06-07 10:36:27,1,1,2,2024-06-7_RgbImage_2024-06-07_10-36-27.png,Poplar_304_BESC-44_4,0.9769487875317792,2.76651185800074
Poplar,RGB2,304_BESC-44_4,2024-06-07 10:35:50,1,1,2,2024-06-7_RgbImage_2024-06-07_10-35-49.png,Poplar_304_BESC-44_4,0.9905383876586913,1.2445802740003273
Poplar,RGB1,BESC-237,2024-04-07 15:15:34,1,1,2,2024-04-7_RgbImage_2024-04-07_15-15-33.png,Poplar_BESC-237,0.9837190667929798,2.838495537998824
Poplar,RGB2,BESC-237,2024-04-07 15:14:55,1,1,2,2024-04-7_RgbImage_2024-04-07_15-14-55.png,Poplar_BESC-237,0.9887492655201781,1.2432639650032797
Poplar,RGB1,GW-9811,2024-04-03 12:46:00,1,1,2,2024-04-3_RgbImage_2024-04-03_12-45-59.png,Poplar_GW-9811,0.9834797249662288,2.8153139909991296
Poplar,RGB2,GW-9811,2024-04-03 12:45:22,1,1,2,2024-04-3_RgbImage_2024-04-03_12-45-21.png,Poplar_GW-9811,0.99213314219783,1.2196434990000853
Poplar,RGB1,67_YALE-27-3+Na_R1_I APPL 189,2023-09-27 07:02:20,1,1,3,2023-09-27_RgbImage_2023-09-27_07-02-20.png,Poplar_67_YALE-27-3+Na_R1_I APPL 189,0.9814114646231071,2.7592485360000865
Poplar,RGB2,67_YALE-27-3+Na_R1_I APPL 189,2023-09-27 07:01:42,1,1,3,2023-09-27_RgbImage_2023-09-27_07-01-41.png,Poplar_67_YALE-27-3+Na_R1_I APPL 189,0.991865268343858,1.2531212810026773
Poplar,RGB1,BESC-394,2024-04-02 14:41:05,1,1,3,2024-04-2_RgbImage_2024-04-02_14-41-05.png,Poplar_BESC-394,0.9835001362545617,2.730665969000256
Poplar,RGB2,BESC-394,2024-04-02 14:40:27,1,1,3,2024-04-2_RgbImage_2024-04-02_14-40-26.png,Poplar_BESC-394,0.9901814071366525,1.2429102969981614
Poplar,RGB1,20_D-124_R6_PM,2024-05-10 18:46:02,1,1,4,2024-05-10_RgbImage_2024-05-10_18-46-02.png,Poplar_20_D-124_R6_PM,0.989573214952866,2.804780677997769
Poplar,RGB2,20_D-124_R6_PM,2024-05-10 18:45:24,1,1,4,2024-05-10_RgbImage_2024-05-10_18-45-23.png,Poplar_20_D-124_R6_PM,0.9847045114572887,1.228520781998668
Poplar,RGB1,89_D-124_R1_PM,2024-05-03 07:48:27,1,1,4,2024-05-3_RgbImage_2024-05-03_07-48-27.png,Poplar_89_D-124_R1_PM,0.9841726872609703,2.831651968001097
Poplar,RGB2,89_D-124_R1_PM,2024-05-03 07:47:47,1,1,4,2024-05-3_RgbImage_2024-05-03_07-47-46.png,Poplar_89_D-124_R1_PM,0.9821853360532129,1.231065664000198
Poplar,RGB1,GW-6952,2024-04-06 16:22:07,1,1,4,2024-04-6_RgbImage_2024-04-06_16-22-07.png,Poplar_GW-6952,0.9828697548391646,2.7363868539978284
Poplar,RGB2,GW-6952,2024-04-06 16:21:28,1,1,4,2024-04-6_RgbImage_2024-04-06_16-21-28.png,Poplar_GW-6952,0.9890787509978471,1.231311237999762
Poplar,RGB1,15 CMBF_28-5 R6,2023-10-28 17:10:52,1,2,0,2023-10-28_RgbImage_2023-10-28_17-10-51.png,Poplar_15 CMBF_28-5 R6,0.9756738244232944,2.779541551000875
Poplar,RGB2,15 CMBF_28-5 R6,2023-10-28 17:10:11,1,2,0,2023-10-28_RgbImage_2023-10-28_17-10-11.png,Poplar_15 CMBF_28-5 R6,0.992735484493242,1.2244563890017162
Poplar,RGB1,46_BESC 394_R2_FS,2024-05-10 12:15:56,1,2,0,2024-05-10_RgbImage_2024-05-10_12-15-56.png,Poplar_46_BESC 394_R2_FS,0.9677800984416635,2.7833015190008155
Poplar,RGB2,46_BESC 394_R2_FS,2024-05-10 12:15:18,1,2,0,2024-05-10_RgbImage_2024-05-10_12-15-17.png,Poplar_46_BESC 394_R2_FS,0.9867772090100676,1.2365770129981684
Poplar,RGB1,BESC-159,2024-04-12 07:38:50,1,2,0,2024-04-12_RgbImage_2024-04-12_07-38-50.png,Poplar_BESC-159,0.9585701487116388,2.76075485399997
Poplar,RGB2,BESC-159,2024-04-12 07:38:13,1,2,0,2024-04-12_RgbImage_2024-04-12_07-38-12.png,Poplar_BESC-159,0.987575148386737,1.2359980689980148
Poplar,RGB1,GLCB-26-1,2024-04-19 20:45:20,1,2,0,2024-04-19_RgbImage_2024-04-19_20-45-19.png,Poplar_GLCB-26-1,0.949374463884125,2.835248939001758
Poplar,RGB2,GLCB-26-1,2024-04-19 20:44:41,1,2,0,2024-04-19_RgbImage_2024-04-19_20-44-40.png,Poplar_GLCB-26-1,0.9850503009597554,1.2915066810019198
Poplar,RGB1,31 Nisq-1 R8,2023-11-05 12:55:56,1,2,1,2023-11-5_RgbImage_2023-11-05_12-55-55.png,Poplar_31 Nisq-1 R8,0.9720221266835631,2.80515719899995
Poplar,RGB2,31 Nisq-1 R8,2023-11-05 12:55:20,1,2,1,2023-11-5_RgbImage_2023-11-05_12-55-20.png,Poplar_31 Nisq-1 R8,0.9908689799087412,1.24808996000138
Poplar,RGB1,348_BESC-1231_5,2024-06-05 10:06:41,1,2,2,2024-06-5_RgbImage_2024-06-05_10-06-41.png,Poplar_348_BESC-1231_5,0.9797357560980636,2.777242372998444
Poplar,RGB2,348_BESC-1231_5,2024-06-05 10:06:03,1,2,2,2024-06-5_RgbImage_2024-06-05_10-06-03.png,Poplar_348_BESC-1231_5,0.9950460807549271,1.3104392349996488
Poplar,RGB1,GW-7980,2024-04-11 07:17:36,1,2,2,2024-04-11_RgbImage_2024-04-11_07-17-35.png,Poplar_GW-7980,0.9816945346793583,2.788834548999148
Poplar,RGB2,GW-7980,2024-04-11 07:16:59,1,2,2,2024-04-11_RgbImage_2024-04-11_07-16-59.png,Poplar_GW-7980,0.9949019758844787,1.2328605969996715
Poplar,RGB1,GW-9967,2024-04-12 12:34:27,1,2,2,2024-04-12_RgbImage_2024-04-12_12-34-26.png,Poplar_GW-9967,0.9738789816142059,2.886225411999476
Poplar,RGB2,GW-9967,2024-04-12 12:33:50,1,2,2,2024-04-12_RgbImage_2024-04-12_12-33-49.png,Poplar_GW-9967,0.9907648614563791,1.2630173100005777
Poplar,RGB1,54 52-225 R4,2023-11-05 11:35:17,1,2,3,2023-11-5_RgbImage_2023-11-05_11-35-16.png,Poplar_54 52-225 R4,0.9658888817129974,2.8099519530005637
Poplar,RGB2,54 52-225 R4,2023-11-05 11:34:38,1,2,3,2023-11-5_RgbImage_2023-11-05_11-34-37.png,Poplar_54 52-225 R4,0.9900998082161873,1.2591381759993965
Poplar,RGB1,55_YALE-27-3-C_R1_I APPL 489,2023-09-25 12:01:25,1,2,3,2023-09-25_RgbImage_2023-09-25_12-01-25.png,Poplar_55_YALE-27-3-C_R1_I APPL 489,0.9803210146728846,2.7922145089978585
Poplar,RGB2,55_YALE-27-3-C_R1_I APPL 489,2023-09-25 12:00:46,1,2,3,2023-09-25_RgbImage_2023-09-25_12-00-45.png,Poplar_55_YALE-27-3-C_R1_I APPL 489,0.9922542999836536,1.2796444250016066
Poplar,RGB1,BESC-1099,2024-04-05 19:48:29,1,2,4,2024-04-5_RgbImage_2024-04-05_19-48-28.png,Poplar_BESC-1099,0.9736346568857923,2.8115710240017506
Poplar,RGB2,BESC-1099,2024-04-05 19:47:48,1,2,4,2024-04-5_RgbImage_2024-04-05_19-47-47.png,Poplar_BESC-1099,0.9917479852439871,1.2563098190003075
Poplar,RGB1,CHWH-27-3,2024-04-01 15:06:12,1,2,4,2024-04-1_RgbImage_2024-04-01_15-06-12.png,Poplar_CHWH-27-3,0.9708490972406782,2.8562512950011296
Poplar,RGB2,CHWH-27-3,2024-04-01 15:05:34,1,2,4,2024-04-1_RgbImage_2024-04-01_15-05-33.png,Poplar_CHWH-27-3,0.9874358153851903,1.2263712080020923
Poplar,RGB1,182_BESC-1096_5,2024-06-26 15:41:17,1,3,0,2024-06-26_RgbImage_2024-06-26_15-41-16.png,Poplar_182_BESC-1096_5,0.9656512465005238,2.7293478960018547
Poplar,RGB2,182_BESC-1096_5,2024-06-26 15:40:39,1,3,0,2024-06-26_RgbImage_2024-06-26_15-40-38.png,Poplar_182_BESC-1096_5,0.9780194320334581,1.2523657530000492
Poplar,RGB1,379_BESC-1143_1,2024-06-08 11:14:52,1,3,0,2024-06-8_RgbImage_2024-06-08_11-14-51.png,Poplar_379_BESC-1143_1,0.9702026364626605,2.7096940990013536
Poplar,RGB2,379_BESC-1143_1,2024-06-08 11:14:13,1,3,0,2024-06-8_RgbImage_2024-06-08_11-14-13.png,Poplar_379_BESC-1143_1,0.9692856294851531,1.2272246009997616
Poplar,RGB1,BESC-1158_34_9,2024-04-21 15:20:35,1,3,0,2024-04-21_RgbImage_2024-04-21_15-20-34.png,Poplar_BESC-1158_34_9,0.9775691995572129,2.7776909610001894
Poplar,RGB2,BESC-1158_34_9,2024-04-21 15:19:53,1,3,0,2024-04-21_RgbImage_2024-04-21_15-19-52.png,Poplar_BESC-1158_34_9,0.9854963530327945,1.2969856889976654
Poplar,RGB1,BESC-192,2024-04-10 18:41:43,1,3,0,2024-04-10_RgbImage_2024-04-10_18-41-42.png,Poplar_BESC-192,0.9440994606842921,2.86392928100031
Poplar,RGB2,BESC-192,2024-04-10 18:41:01,1,3,0,2024-04-10_RgbImage_2024-04-10_18-41-01.png,Poplar_BESC-192,0.9422419836676988,1.2616172729976824
Poplar,RGB1,114_BESC-354_6,2024-05-26 19:13:43,1,3,1,2024-05-26_RgbImage_2024-05-26_19-13-43.png,Poplar_114_BESC-354_6,0.9744404202191653,2.8258427159998973
Poplar,RGB2,114_BESC-354_6,2024-05-26 19:13:07,1,3,1,2024-05-26_RgbImage_2024-05-26_19-13-06.png,Poplar_114_BESC-354_6,0.9931159627417452,1.2347640150001098
Poplar,RGB1,BESC-819,2024-04-05 10:18:27,1,3,1,2024-04-5_RgbImage_2024-04-05_10-18-27.png,Poplar_BESC-819,0.9534300609513453,2.74585769800251
Poplar,RGB2,BESC-819,2024-04-05 10:17:47,1,3,1,2024-04-5_RgbImage_2024-04-05_10-17-47.png,Poplar_BESC-819,0.989241459062327,1.234347286997945
Poplar,RGB1,DEND-17-2,2024-03-30 18:24:27,1,3,1,2024-03-30_RgbImage_2024-03-30_18-24-26.png,Poplar_DEND-17-2,0.9644273796607542,2.72651697299807
Poplar,RGB2,DEND-17-2,2024-03-30 18:23:50,1,3,1,2024-03-30_RgbImage_2024-03-30_18-23-49.png,Poplar_DEND-17-2,0.9917735142344133,1.2406923029993777
Poplar,RGB1,NHTB-27-4,2024-04-05 20:53:48,1,3,1,2024-04-5_RgbImage_2024-04-05_20-53-47.png,Poplar_NHTB-27-4,0.9640430241137827,2.841707817999122
Poplar,RGB2,NHTB-27-4,2024-04-05 20:53:10,1,3,1,2024-04-5_RgbImage_2024-04-05_20-53-09.png,Poplar_NHTB-27-4,0.9926463584233558,1.262371148000966
Poplar,RGB1,436_GW-9762_1,2024-06-21 12:11:31,1,3,2,2024-06-21_RgbImage_2024-06-21_12-11-31.png,Poplar_436_GW-9762_1,0.971649097661785,2.8509225790003256
Poplar,RGB2,436_GW-9762_1,2024-06-21 12:11:00,1,3,2,2024-06-21_RgbImage_2024-06-21_12-11-00.png,Poplar_436_GW-9762_1,0.9789973289667446,1.2566882239989354
Poplar,RGB1,GW-9833,2024-03-29 15:07:40,1,3,2,2024-03-29_RgbImage_2024-03-29_15-07-39.png,Poplar_GW-9833,0.9724872168177922,2.8171483670012094
Poplar,RGB2,GW-9833,2024-03-29 15:06:59,1,3,2,2024-03-29_RgbImage_2024-03-29_15-06-59.png,Poplar_GW-9833,0.9815525337446295,1.2820138140014024
Poplar,RGB1,94_BESC 24_R3_FS,2024-05-13 08:23:36,1,3,3,2024-05-13_RgbImage_2024-05-13_08-23-35.png,Poplar_94_BESC 24_R3_FS,0.9653104941749517,2.8570480099988345
Poplar,RGB2,94_BESC 24_R3_FS,2024-05-13 08:22:56,1,3,3,2024-05-13_RgbImage_2024-05-13_08-22-56.png,Poplar_94_BESC 24_R3_FS,0.9900953545118568,1.262992893000046
Poplar,RGB1,BESC-394,2024-03-28 12:16:40,1,3,3,2024-03-28_RgbImage_2024-03-28_12-16-40.png,Poplar_BESC-394,0.9641635334418008,2.804813867998746
Poplar,RGB2,BESC-394,2024-03-28 12:16:01,1,3,3,2024-03-28_RgbImage_2024-03-28_12-16-00.png,Poplar_BESC-394,0.9896788126356213,1.2441176579995954
Poplar,RGB1,109_BESC-14_4,2024-06-04 16:58:53,1,3,4,2024-06-4_RgbImage_2024-06-04_16-58-53.png,Poplar_109_BESC-14_4,0.9755162953164124,2.7467281130011543
Poplar,RGB2,109_BESC-14_4,2024-06-04 16:58:13,1,3,4,2024-06-4_RgbImage_2024-06-04_16-58-13.png,Poplar_109_BESC-14_4,0.9760675372927521,1.249811341996974
Poplar,RGB1,361_BESC-321_3,2024-06-04 09:54:32,1,3,4,2024-06-4_RgbImage_2024-06-04_09-54-31.png,Poplar_361_BESC-321_3,0.9801436473066018,2.7774480810003297
Poplar,RGB2,361_BESC-321_3,2024-06-04 09:53:52,1,3,4,2024-06-4_RgbImage_2024-06-04_09-53-51.png,Poplar_361_BESC-321_3,0.9693859154672791,1.2324397609991138
Poplar,RGB1,461_BESC-1143_2,2024-06-04 09:27:08,1,3,4,2024-06-4_RgbImage_2024-06-04_09-27-08.png,Poplar_461_BESC-1143_2,0.9818100820840295,2.73989393300144
Poplar,RGB2,461_BESC-1143_2,2024-06-04 09:26:27,1,3,4,2024-06-4_RgbImage_2024-06-04_09-26-27.png,Poplar_461_BESC-1143_2,0.9720430795308712,1.2473886420011695
Poplar,RGB1,88_BESC-1043_4,2024-06-01 16:18:11,1,3,4,2024-06-1_RgbImage_2024-06-01_16-18-10.png,Poplar_88_BESC-1043_4,0.9731400837710784,2.726151631999528
Poplar,RGB2,88_BESC-1043_4,2024-06-01 16:17:31,1,3,4,2024-06-1_RgbImage_2024-06-01_16-17-31.png,Poplar_88_BESC-1043_4,0.9861899566621297,1.2563518080023641
Poplar,RGB1,103_BESC-856_2,2024-05-27 19:14:56,1,4,0,2024-05-27_RgbImage_2024-05-27_19-14-55.png,Poplar_103_BESC-856_2,0.9673034077989845,2.8213620819988137
Poplar,RGB2,103_BESC-856_2,2024-05-27 19:14:15,1,4,0,2024-05-27_RgbImage_2024-05-27_19-14-14.png,Poplar_103_BESC-856_2,0.9796121254511884,1.2568259040017438
Poplar,RGB1,224_BESC-317_5,2024-06-03 15:13:29,1,4,0,2024-06-3_RgbImage_2024-06-03_15-13-29.png,Poplar_224_BESC-317_5,0.9753523331695557,2.7837899810001545
Poplar,RGB2,224_BESC-317_5,2024-06-03 15:12:50,1,4,0,2024-06-3_RgbImage_2024-06-03_15-12-50.png,Poplar_224_BESC-317_5,0.9920840645781709,1.2382946299985633
Poplar,RGB1,BESC-1158_34_9,2024-04-11 14:21:53,1,4,0,2024-04-11_RgbImage_2024-04-11_14-21-52.png,Poplar_BESC-1158_34_9,0.9685531018487133,2.7948040129995206
Poplar,RGB2,BESC-1158_34_9,2024-04-11 14:21:10,1,4,0,2024-04-11_RgbImage_2024-04-11_14-21-10.png,Poplar_BESC-1158_34_9,0.9811946763369264,1.2646426809988043
Poplar,RGB1,BESC-1240_38_2,2024-04-06 16:07:36,1,4,0,2024-04-6_RgbImage_2024-04-06_16-07-35.png,Poplar_BESC-1240_38_2,0.9452822550761141,2.7529558669994003
Poplar,RGB2,BESC-1240_38_2,2024-04-06 16:06:54,1,4,0,2024-04-6_RgbImage_2024-04-06_16-06-53.png,Poplar_BESC-1240_38_2,0.9795934675124015,1.2154368859992246
Poplar,RGB1,17_BESC 394_R3_PM,2024-05-03 18:30:01,1,4,1,2024-05-3_RgbImage_2024-05-03_18-30-01.png,Poplar_17_BESC 394_R3_PM,0.961921901507519,2.781530940999801
Poplar,RGB2,17_BESC 394_R3_PM,2024-05-03 18:29:22,1,4,1,2024-05-3_RgbImage_2024-05-03_18-29-21.png,Poplar_17_BESC 394_R3_PM,0.9880639853712567,1.2875705280021066
Poplar,RGB1,22_BESC-1126_2,2024-06-08 18:08:40,1,4,1,2024-06-8_RgbImage_2024-06-08_18-08-39.png,Poplar_22_BESC-1126_2,0.9755696563195936,2.76279594999869
Poplar,RGB2,22_BESC-1126_2,2024-06-08 18:08:01,1,4,1,2024-06-8_RgbImage_2024-06-08_18-08-01.png,Poplar_22_BESC-1126_2,0.9930674249331677,1.2621087609986716
Poplar,RGB1,391_BESC-1143_3,2024-06-11 07:56:58,1,4,1,2024-06-11_RgbImage_2024-06-11_07-56-58.png,Poplar_391_BESC-1143_3,0.969178860359596,2.7525094330012507
Poplar,RGB2,391_BESC-1143_3,2024-06-11 07:56:21,1,4,1,2024-06-11_RgbImage_2024-06-11_07-56-20.png,Poplar_391_BESC-1143_3,0.9809216145418481,1.2543508350026968
Poplar,RGB1,424_BESC-117_6,2024-06-05 07:03:12,1,4,1,2024-06-5_RgbImage_2024-06-05_07-03-11.png,Poplar_424_BESC-117_6,0.9697037351254352,2.8113520779988903
Poplar,RGB2,424_BESC-117_6,2024-06-05 07:02:32,1,4,1,2024-06-5_RgbImage_2024-06-05_07-02-32.png,Poplar_424_BESC-117_6,0.9867584383106354,1.2257619660013006
Poplar,RGB1,BESC-1091,2024-04-24 10:13:27,1,4,2,2024-04-24_RgbImage_2024-04-24_10-13-26.png,Poplar_BESC-1091,0.9691716071965347,2.7588082809998014
Poplar,RGB2,BESC-1091,2024-04-24 10:12:47,1,4,2,2024-04-24_RgbImage_2024-04-24_10-12-46.png,Poplar_BESC-1091,0.9797157420704609,1.2525324170019303
Poplar,RGB1,BESC-71,2024-04-02 18:35:21,1,4,2,2024-04-2_RgbImage_2024-04-02_18-35-20.png,Poplar_BESC-71,0.9727887978605548,2.73633112600146
Poplar,RGB2,BESC-71,2024-04-02 18:34:41,1,4,2,2024-04-2_RgbImage_2024-04-02_18-34-41.png,Poplar_BESC-71,0.9850320789531766,1.2499103590016603
Poplar,RGB1,GW-8611,2024-03-31 18:09:22,1,4,2,2024-03-31_RgbImage_2024-03-31_18-09-22.png,Poplar_GW-8611,0.9715506878590419,2.8128837940021185
Poplar,RGB2,GW-8611,2024-03-31 18:08:42,1,4,2,2024-03-31_RgbImage_2024-03-31_18-08-42.png,Poplar_GW-8611,0.9910288237805714,1.2364661419996992
Poplar,RGB1,GW-9969,2024-03-28 22:05:01,1,4,2,2024-03-28_RgbImage_2024-03-28_22-05-00.png,Poplar_GW-9969,0.9608265838907643,2.6973500000021886
Poplar,RGB2,GW-9969,2024-03-28 22:04:21,1,4,2,2024-03-28_RgbImage_2024-03-28_22-04-21.png,Poplar_GW-9969,0.9878887289009842,1.2522189540031832
Poplar,RGB1,232_CHWH-27-4_4,2024-06-06 11:35:38,1,4,3,2024-06-6_RgbImage_2024-06-06_11-35-38.png,Poplar_232_CHWH-27-4_4,0.9731268891968002,2.733702115001506
Poplar,RGB2,232_CHWH-27-4_4,2024-06-06 11:34:59,1,4,3,2024-06-6_RgbImage_2024-06-06_11-34-58.png,Poplar_232_CHWH-27-4_4,0.9906467411438109,1.2227264670000295
Poplar,RGB1,36_BESC 371_R3_FS,2024-05-03 15:56:51,1,4,3,2024-05-3_RgbImage_2024-05-03_15-56-51.png,Poplar_36_BESC 371_R3_FS,0.9610589532100207,2.707521418997203
Poplar,RGB2,36_BESC 371_R3_FS,2024-05-03 15:56:12,1,4,3,2024-05-3_RgbImage_2024-05-03_15-56-11.png,Poplar_36_BESC 371_R3_FS,0.9813282173228475,1.2378973380000389
Poplar,RGB1,432_BESC-1166_7,2024-05-27 09:01:42,1,4,3,2024-05-27_RgbImage_2024-05-27_09-01-42.png,Poplar_432_BESC-1166_7,0.9678375065013753,2.8327364859978843
Poplar,RGB2,432_BESC-1166_7,2024-05-27 09:01:02,1,4,3,2024-05-27_RgbImage_2024-05-27_09-01-01.png,Poplar_432_BESC-1166_7,0.9714234977793685,1.2584594219988503
Poplar,RGB1,58_GW10999_R2_PM,2024-05-03 13:46:03,1,4,3,2024-05-3_RgbImage_2024-05-03_13-46-03.png,Poplar_58_GW10999_R2_PM,0.9748102271242501,2.7652390389994252
Poplar,RGB2,58_GW10999_R2_PM,2024-05-03 13:45:25,1,4,3,2024-05-3_RgbImage_2024-05-03_13-45-24.png,Poplar_58_GW10999_R2_PM,0.9895147358741346,1.2322038139973301
Poplar,RGB1,116_BESC-1043_8,2024-05-26 19:27:37,1,4,4,2024-05-26_RgbImage_2024-05-26_19-27-36.png,Poplar_116_BESC-1043_8,0.9865833564391119,2.8023509199992986
Poplar,RGB2,116_BESC-1043_8,2024-05-26 19:26:56,1,4,4,2024-05-26_RgbImage_2024-05-26_19-26-56.png,Poplar_116_BESC-1043_8,0.9917040579506372,1.2729969060019357
Poplar,RGB1,370_BESC-1132_7,2024-05-26 12:33:54,1,4,4,2024-05-26_RgbImage_2024-05-26_12-33-53.png,Poplar_370_BESC-1132_7,0.9636709960129699,2.7698650140009704
Poplar,RGB2,370_BESC-1132_7,2024-05-26 12:33:12,1,4,4,2024-05-26_RgbImage_2024-05-26_12-33-11.png,Poplar_370_BESC-1132_7,0.8933339944329776,1.2527657880018523
Poplar,RGB1,92_CHX20-KO107+Na_R4_I APPL 351,2023-10-02 16:24:00,2,0,0,2023-10-2_RgbImage_2023-10-02_16-24-00.png,Poplar_92_CHX20-KO107+Na_R4_I APPL 351,0.9818628921010152,2.7997748800007685
Poplar,RGB2,92_CHX20-KO107+Na_R4_I APPL 351,2023-10-02 16:23:31,2,0,0,2023-10-2_RgbImage_2023-10-02_16-23-31.png,Poplar_92_CHX20-KO107+Na_R4_I APPL 351,0.9884972294374588,1.239290681998682
Poplar,RGB1,74_WT717+Na_R2_I APPL 28,2023-11-10 15:20:20,2,0,1,2023-11-10_RgbImage_2023-11-10_15-20-19.png,Poplar_74_WT717+Na_R2_I APPL 28,0.9901759803165998,2.7802148510018014
Poplar,RGB2,74_WT717+Na_R2_I APPL 28,2023-11-10 15:19:55,2,0,1,2023-11-10_RgbImage_2023-11-10_15-19-55.png,Poplar_74_WT717+Na_R2_I APPL 28,0.9944778892888703,1.2789859690019512
Poplar,RGB1,90_CHX20-KO107+Na_R2_I APPL 392,2023-10-13 14:43:58,2,0,1,2023-10-13_RgbImage_2023-10-13_14-43-57.png,Poplar_90_CHX20-KO107+Na_R2_I APPL 392,0.9891501169797424,2.826313713001582
Poplar,RGB2,90_CHX20-KO107+Na_R2_I APPL 392,2023-10-13 14:43:26,2,0,1,2023-10-13_RgbImage_2023-10-13_14-43-25.png,Poplar_90_CHX20-KO107+Na_R2_I APPL 392,0.993944339154961,1.2584849999984726
Poplar,RGB1,BESC-12,2024-04-15 17:44:58,2,0,1,2024-04-15_RgbImage_2024-04-15_17-44-58.png,Poplar_BESC-12,0.9814989097282903,2.784848349998356
Poplar,RGB2,BESC-12,2024-04-15 17:44:25,2,0,1,2024-04-15_RgbImage_2024-04-15_17-44-25.png,Poplar_BESC-12,0.991504065428532,1.2251236779993633
Poplar,RGB1,25_GW-9914+K_R1_IV APPL 106,2023-10-06 15:17:53,2,0,2,2023-10-6_RgbImage_2023-10-06_15-17-52.png,Poplar_25_GW-9914+K_R1_IV APPL 106,0.9782475580641364,2.7469246340006066
Poplar,RGB2,25_GW-9914+K_R1_IV APPL 106,2023-10-06 15:17:19,2,0,2,2023-10-6_RgbImage_2023-10-06_15-17-19.png,Poplar_25_GW-9914+K_R1_IV APPL 106,0.9901413595007994,1.2590422240027692
Poplar,RGB1,35_GW-9914+Na_R5_I APPL 167,2023-10-25 11:39:47,2,0,2,2023-10-25_RgbImage_2023-10-25_11-39-46.png,Poplar_35_GW-9914+Na_R5_I APPL 167,0.9711893521068058,2.8352445679993252
Poplar,RGB2,35_GW-9914+Na_R5_I APPL 167,2023-10-25 11:39:04,2,0,2,2023-10-25_RgbImage_2023-10-25_11-39-03.png,Poplar_35_GW-9914+Na_R5_I APPL 167,0.9905338549691927,1.2626789189998817
Poplar,RGB1,63_YALE-27-3+K_R3_IV APPL 119,2023-10-02 09:08:17,2,0,2,2023-10-2_RgbImage_2023-10-02_09-08-16.png,Poplar_63_YALE-27-3+K_R3_IV APPL 119,0.9802605318236994,2.822808035001799
Poplar,RGB2,63_YALE-27-3+K_R3_IV APPL 119,2023-10-02 09:07:42,2,0,2,2023-10-2_RgbImage_2023-10-02_09-07-41.png,Poplar_63_YALE-27-3+K_R3_IV APPL 119,0.9931314960685046,1.2692484600011085
Poplar,RGB1,78_CHX20-OE61+Na_R2_I APPL 491,2023-09-15 20:52:54,2,0,2,2023-09-15_RgbImage_2023-09-15_20-52-53.png,Poplar_78_CHX20-OE61+Na_R2_I APPL 491,0.9925198780557125,2.8042003759983345
Poplar,RGB2,78_CHX20-OE61+Na_R2_I APPL 491,2023-09-15 20:52:23,2,0,2,2023-09-15_RgbImage_2023-09-15_20-52-23.png,Poplar_78_CHX20-OE61+Na_R2_I APPL 491,0.9842674827639499,1.247961013999884
Poplar,RGB1,31_GW-9914+Na_R1_I APPL 225,2023-10-04 14:37:46,2,0,3,2023-10-4_RgbImage_2023-10-04_14-37-46.png,Poplar_31_GW-9914+Na_R1_I APPL 225,0.979005566867762,2.7785765629996604
Poplar,RGB2,31_GW-9914+Na_R1_I APPL 225,2023-10-04 14:37:10,2,0,3,2023-10-4_RgbImage_2023-10-04_14-37-10.png,Poplar_31_GW-9914+Na_R1_I APPL 225,0.990404850808852,1.246315472999413
Poplar,RGB1,63 93-968 R8,2023-11-23 10:03:16,2,0,3,2023-11-23_RgbImage_2023-11-23_10-03-16.png,Poplar_63 93-968 R8,0.9854167975594675,2.7265079240023624
Poplar,RGB2,63 93-968 R8,2023-11-23 10:02:42,2,0,3,2023-11-23_RgbImage_2023-11-23_10-02-42.png,Poplar_63 93-968 R8,0.9874008090392202,1.2503246330015827
Poplar,RGB1,1_GW-9588-C_R1_I APPL 398,2023-10-18 19:54:10,2,0,4,2023-10-18_RgbImage_2023-10-18_19-54-09.png,Poplar_1_GW-9588-C_R1_I APPL 398,0.9851617732626561,2.724610006000148
Poplar,RGB2,1_GW-9588-C_R1_I APPL 398,2023-10-18 19:53:38,2,0,4,2023-10-18_RgbImage_2023-10-18_19-53-38.png,Poplar_1_GW-9588-C_R1_I APPL 398,0.9923888249661921,1.249847299997782
Poplar,RGB1,48_BESC-4+K_R6_IV APPL 116,2023-10-13 11:32:02,2,0,4,2023-10-13_RgbImage_2023-10-13_11-32-02.png,Poplar_48_BESC-4+K_R6_IV APPL 116,0.9804071829114364,2.717544678002014
Poplar,RGB2,48_BESC-4+K_R6_IV APPL 116,2023-10-13 11:31:31,2,0,4,2023-10-13_RgbImage_2023-10-13_11-31-31.png,Poplar_48_BESC-4+K_R6_IV APPL 116,0.988564662923376,1.2785834569986037
Poplar,RGB1,49_BESC-4+Na_R1_I APPL 518,2023-10-11 10:22:39,2,0,4,2023-10-11_RgbImage_2023-10-11_10-22-38.png,Poplar_49_BESC-4+Na_R1_I APPL 518,0.9786016596453997,2.7126422699984687
Poplar,RGB2,49_BESC-4+Na_R1_I APPL 518,2023-10-11 10:22:04,2,0,4,2023-10-11_RgbImage_2023-10-11_10-22-04.png,Poplar_49_BESC-4+Na_R1_I APPL 518,0.9933867730636782,1.2786590599971532
Poplar,RGB1,85_CHX20-KO54+Na_R1_I APPL 375,2023-09-16 14:21:02,2,1,0,2023-09-16_RgbImage_2023-09-16_14-21-02.png,Poplar_85_CHX20-KO54+Na_R1_I APPL 375,0.9835488872730807,2.7697993090005184
Poplar,RGB2,85_CHX20-KO54+Na_R1_I APPL 375,2023-09-16 14:20:28,2,1,0,2023-09-16_RgbImage_2023-09-16_14-20-28.png,Poplar_85_CHX20-KO54+Na_R1_I APPL 375,0.9874324067176206,1.2477156599998125
Poplar,RGB1,BESC-6,2024-05-01 08:20:19,2,1,0,2024-05-1_RgbImage_2024-05-01_08-20-18.png,Poplar_BESC-6,0.9794343704035613,2.7946839759970317
Poplar,RGB2,BESC-6,2024-05-01 08:19:44,2,1,0,2024-05-1_RgbImage_2024-05-01_08-19-44.png,Poplar_BESC-6,0.993224018265578,1.2377276869992784
Poplar,RGB1,LILB-26-3,2024-04-11 11:00:28,2,1,0,2024-04-11_RgbImage_2024-04-11_11-00-27.png,Poplar_LILB-26-3,0.9798428492636159,2.7277387600006477
Poplar,RGB2,LILB-26-3,2024-04-11 10:59:51,2,1,0,2024-04-11_RgbImage_2024-04-11_10-59-50.png,Poplar_LILB-26-3,0.9931133773491617,1.2300574559994857
Poplar,RGB1,106_BESC 375_R1_FS,2024-05-24 19:13:23,2,1,1,2024-05-24_RgbImage_2024-05-24_19-13-23.png,Poplar_106_BESC 375_R1_FS,0.9745373986926997,2.707027634998667
Poplar,RGB2,106_BESC 375_R1_FS,2024-05-24 19:12:49,2,1,1,2024-05-24_RgbImage_2024-05-24_19-12-48.png,Poplar_106_BESC 375_R1_FS,0.9883173104489686,1.2832535359993926
Poplar,RGB1,80_CHX20-OE61+Na_R4_I APPL 497,2023-09-16 07:44:11,2,1,1,2023-09-16_RgbImage_2023-09-16_07-44-11.png,Poplar_80_CHX20-OE61+Na_R4_I APPL 497,0.9833434059254744,2.7715025289980986
Poplar,RGB2,80_CHX20-OE61+Na_R4_I APPL 497,2023-09-16 07:43:41,2,1,1,2023-09-16_RgbImage_2023-09-16_07-43-40.png,Poplar_80_CHX20-OE61+Na_R4_I APPL 497,0.9801399335715208,1.2405703010008438
Poplar,RGB1,GW-9781,2024-04-22 12:08:47,2,1,1,2024-04-22_RgbImage_2024-04-22_12-08-46.png,Poplar_GW-9781,0.9825325902349737,2.746254776000569
Poplar,RGB2,GW-9781,2024-04-22 12:08:10,2,1,1,2024-04-22_RgbImage_2024-04-22_12-08-10.png,Poplar_GW-9781,0.991716574124348,1.2673004060015955
Poplar,RGB1,157_KLND-20-1_6,2024-05-28 19:41:39,2,1,2,2024-05-28_RgbImage_2024-05-28_19-41-38.png,Poplar_157_KLND-20-1_6,0.9690945433335871,2.740466153001762
Poplar,RGB2,157_KLND-20-1_6,2024-05-28 19:41:05,2,1,2,2024-05-28_RgbImage_2024-05-28_19-41-04.png,Poplar_157_KLND-20-1_6,0.9880645694496579,1.2202168220028398
Poplar,RGB1,BESC-361_16_11,2024-04-10 09:54:44,2,1,2,2024-04-10_RgbImage_2024-04-10_09-54-43.png,Poplar_BESC-361_16_11,0.9795920475617641,2.8069823540026846
Poplar,RGB2,BESC-361_16_11,2024-04-10 09:54:07,2,1,2,2024-04-10_RgbImage_2024-04-10_09-54-06.png,Poplar_BESC-361_16_11,0.9909397176860522,1.2474944710011187
Poplar,RGB1,BESC-74,2024-04-24 11:24:15,2,1,3,2024-04-24_RgbImage_2024-04-24_11-24-14.png,Poplar_BESC-74,0.9897643647218961,2.7267311549985607
Poplar,RGB2,BESC-74,2024-04-24 11:23:39,2,1,3,2024-04-24_RgbImage_2024-04-24_11-23-38.png,Poplar_BESC-74,0.993730507112901,1.2484369430021616
Poplar,RGB1,GW-9763,2024-04-11 12:26:29,2,1,3,2024-04-11_RgbImage_2024-04-11_12-26-28.png,Poplar_GW-9763,0.9852320397019838,2.8397785279994423
Poplar,RGB2,GW-9763,2024-04-11 12:25:53,2,1,3,2024-04-11_RgbImage_2024-04-11_12-25-53.png,Poplar_GW-9763,0.9883865639714011,1.2431965760006278
Poplar,RGB1,208_BESC-1145_5,2024-06-27 17:13:41,2,1,4,2024-06-27_RgbImage_2024-06-27_17-13-40.png,Poplar_208_BESC-1145_5,0.9894423324402968,2.7771133050009666
Poplar,RGB2,208_BESC-1145_5,2024-06-27 17:13:03,2,1,4,2024-06-27_RgbImage_2024-06-27_17-13-03.png,Poplar_208_BESC-1145_5,0.9920103050759059,1.2438193029993272
Poplar,RGB1,41_BESC-4-C_R5_I APPL 219,2023-10-06 15:10:56,2,1,4,2023-10-6_RgbImage_2023-10-06_15-10-56.png,Poplar_41_BESC-4-C_R5_I APPL 219,0.984211266207998,2.7860211560000607
Poplar,RGB2,41_BESC-4-C_R5_I APPL 219,2023-10-06 15:10:20,2,1,4,2023-10-6_RgbImage_2023-10-06_15-10-20.png,Poplar_41_BESC-4-C_R5_I APPL 219,0.9930230724669523,1.2258692780014826
Poplar,RGB1,71_YALE-27-3+Na_R5_I APPL 485,2023-10-13 10:57:17,2,1,4,2023-10-13_RgbImage_2023-10-13_10-57-16.png,Poplar_71_YALE-27-3+Na_R5_I APPL 485,0.9793676484483904,2.7402355869999155
Poplar,RGB2,71_YALE-27-3+Na_R5_I APPL 485,2023-10-13 10:56:46,2,1,4,2023-10-13_RgbImage_2023-10-13_10-56-45.png,Poplar_71_YALE-27-3+Na_R5_I APPL 485,0.9850198380733949,1.2422491149991401
Poplar,RGB1,155_BESC-304_7,2024-06-22 15:10:25,2,2,0,2024-06-22_RgbImage_2024-06-22_15-10-25.png,Poplar_155_BESC-304_7,0.9751802040393578,2.753791965002165
Poplar,RGB2,155_BESC-304_7,2024-06-22 15:10:00,2,2,0,2024-06-22_RgbImage_2024-06-22_15-09-59.png,Poplar_155_BESC-304_7,0.9801774398490044,1.2216294309982914
Poplar,RGB1,BESC-1174,2024-04-15 12:08:48,2,2,0,2024-04-15_RgbImage_2024-04-15_12-08-48.png,Poplar_BESC-1174,0.9847770281132908,2.7279924700014817
Poplar,RGB2,BESC-1174,2024-04-15 12:08:16,2,2,0,2024-04-15_RgbImage_2024-04-15_12-08-16.png,Poplar_BESC-1174,0.9938248163070195,1.2256211589992745
Poplar,RGB1,24_GW10999_R4_FS,2024-05-20 14:18:52,2,2,1,2024-05-20_RgbImage_2024-05-20_14-18-51.png,Poplar_24_GW10999_R4_FS,0.972526214009854,2.7723458319997007
Poplar,RGB2,24_GW10999_R4_FS,2024-05-20 14:18:20,2,2,1,2024-05-20_RgbImage_2024-05-20_14-18-20.png,Poplar_24_GW10999_R4_FS,0.9921421463738287,1.2269840449989715
Poplar,RGB1,286_BESC-1098_4,2024-06-12 15:48:09,2,2,1,2024-06-12_RgbImage_2024-06-12_15-48-09.png,Poplar_286_BESC-1098_4,0.975714804501122,2.731404009999096
Poplar,RGB2,286_BESC-1098_4,2024-06-12 15:47:33,2,2,1,2024-06-12_RgbImage_2024-06-12_15-47-33.png,Poplar_286_BESC-1098_4,0.9898227339492848,1.270007904000522
Poplar,RGB1,348_BESC-1231_5,2024-06-21 13:07:32,2,2,1,2024-06-21_RgbImage_2024-06-21_13-07-32.png,Poplar_348_BESC-1231_5,0.9797606016423918,2.799835722998978
Poplar,RGB2,348_BESC-1231_5,2024-06-21 13:07:04,2,2,1,2024-06-21_RgbImage_2024-06-21_13-07-04.png,Poplar_348_BESC-1231_5,0.9945706985890056,1.269716802999028
Poplar,RGB1,BESC-853,2024-04-16 12:52:19,2,2,1,2024-04-16_RgbImage_2024-04-16_12-52-19.png,Poplar_BESC-853,0.9780321498843223,2.773936388999573
Poplar,RGB2,BESC-853,2024-04-16 12:51:42,2,2,1,2024-04-16_RgbImage_2024-04-16_12-51-41.png,Poplar_BESC-853,0.9903198222822677,1.2319707630013
Poplar,RGB1,140_BESC-44_8,2024-06-03 17:30:35,2,2,2,2024-06-3_RgbImage_2024-06-03_17-30-35.png,Poplar_140_BESC-44_8,0.9712249739296324,2.7699504129996058
Poplar,RGB2,140_BESC-44_8,2024-06-03 17:29:58,2,2,2,2024-06-3_RgbImage_2024-06-03_17-29-58.png,Poplar_140_BESC-44_8,0.9876341272507774,1.2560229749979044
Poplar,RGB1,151_GW-9806_6,2024-05-28 18:39:52,2,2,2,2024-05-28_RgbImage_2024-05-28_18-39-51.png,Poplar_151_GW-9806_6,0.9710924766352972,2.740303402999416
Poplar,RGB2,151_GW-9806_6,2024-05-28 18:39:15,2,2,2,2024-05-28_RgbImage_2024-05-28_18-39-14.png,Poplar_151_GW-9806_6,0.9917891030912789,1.2250607189998846
Poplar,RGB1,193_GW-10986_5,2024-06-27 15:34:04,2,2,2,2024-06-27_RgbImage_2024-06-27_15-34-03.png,Poplar_193_GW-10986_5,0.9804109183174319,2.6936670650029555
Poplar,RGB2,193_GW-10986_5,2024-06-27 15:33:29,2,2,2,2024-06-27_RgbImage_2024-06-27_15-33-29.png,Poplar_193_GW-10986_5,0.9910262662222937,1.2232890500017675
Poplar,RGB1,BESC-1006,2024-04-28 17:05:21,2,2,2,2024-04-28_RgbImage_2024-04-28_17-05-20.png,Poplar_BESC-1006,0.9725616414917966,2.813719570996909
Poplar,RGB2,BESC-1006,2024-04-28 17:04:44,2,2,2,2024-04-28_RgbImage_2024-04-28_17-04-44.png,Poplar_BESC-1006,0.9919373431437812,1.2472658090009645
Poplar,RGB1,324_BESC-1166_4,2024-06-06 09:46:54,2,2,3,2024-06-6_RgbImage_2024-06-06_09-46-53.png,Poplar_324_BESC-1166_4,0.9737298240464322,2.7598749339995265
Poplar,RGB2,324_BESC-1166_4,2024-06-06 09:46:15,2,2,3,2024-06-6_RgbImage_2024-06-06_09-46-15.png,Poplar_324_BESC-1166_4,0.9853217763306223,1.225680461000593
Poplar,RGB1,455_BESC-284_2,2024-06-12 10:56:09,2,2,3,2024-06-12_RgbImage_2024-06-12_10-56-08.png,Poplar_455_BESC-284_2,0.9844953555532673,2.7457561629998963
Poplar,RGB2,455_BESC-284_2,2024-06-12 10:55:33,2,2,3,2024-06-12_RgbImage_2024-06-12_10-55-32.png,Poplar_455_BESC-284_2,0.9945351998268149,1.255287224001222
Poplar,RGB1,GW-2551,2024-04-17 08:35:35,2,2,3,2024-04-17_RgbImage_2024-04-17_08-35-34.png,Poplar_GW-2551,0.9868385698344488,2.7227155229993514
Poplar,RGB2,GW-2551,2024-04-17 08:34:58,2,2,3,2024-04-17_RgbImage_2024-04-17_08-34-58.png,Poplar_GW-2551,0.9946300872735715,1.2189409589991556
Poplar,RGB1,344_BESC-1145_4,2024-06-26 09:01:40,2,2,4,2024-06-26_RgbImage_2024-06-26_09-01-39.png,Poplar_344_BESC-1145_4,0.9873232020442997,2.73371790300007
Poplar,RGB2,344_BESC-1145_4,2024-06-26 09:01:04,2,2,4,2024-06-26_RgbImage_2024-06-26_09-01-03.png,Poplar_344_BESC-1145_4,0.9917327965199327,1.262157141998614
Poplar,RGB1,70_YALE-27-3+Na_R4_I APPL 31,2023-10-11 11:11:08,2,2,4,2023-10-11_RgbImage_2023-10-11_11-11-07.png,Poplar_70_YALE-27-3+Na_R4_I APPL 31,0.9798701798120819,2.7377047600020887
Poplar,RGB2,70_YALE-27-3+Na_R4_I APPL 31,2023-10-11 11:10:35,2,2,4,2023-10-11_RgbImage_2023-10-11_11-10-35.png,Poplar_70_YALE-27-3+Na_R4_I APPL 31,0.987537473340913,1.2245953279998503
Poplar,RGB1,GW-4530,2024-04-23 12:55:57,2,2,4,2024-04-23_RgbImage_2024-04-23_12-55-57.png,Poplar_GW-4530,0.9908495580418812,2.806640407001396
Poplar,RGB2,GW-4530,2024-04-23 12:55:22,2,2,4,2024-04-23_RgbImage_2024-04-23_12-55-21.png,Poplar_GW-4530,0.99291392936957,1.2615926250000484
Poplar,RGB1,35_BESC 375_R6_PM,2024-05-24 15:34:15,2,3,0,2024-05-24_RgbImage_2024-05-24_15-34-15.png,Poplar_35_BESC 375_R6_PM,0.9655044128443073,2.785713063000003
Poplar,RGB2,35_BESC 375_R6_PM,2024-05-24 15:33:40,2,3,0,2024-05-24_RgbImage_2024-05-24_15-33-40.png,Poplar_35_BESC 375_R6_PM,0.9889635143870609,1.2450235699980112
Poplar,RGB1,GW-9907,2024-05-08 08:50:16,2,3,0,2024-05-8_RgbImage_2024-05-08_08-50-15.png,Poplar_GW-9907,0.981349366985203,2.7572909889968287
Poplar,RGB2,GW-9907,2024-05-08 08:49:39,2,3,0,2024-05-8_RgbImage_2024-05-08_08-49-38.png,Poplar_GW-9907,0.9927351942739866,1.2214253660022223
Poplar,RGB1,251_CHWK-27-4_8,2024-06-21 14:57:13,2,3,1,2024-06-21_RgbImage_2024-06-21_14-57-12.png,Poplar_251_CHWK-27-4_8,0.9752339062172332,2.8128938789996027
Poplar,RGB2,251_CHWK-27-4_8,2024-06-21 14:56:46,2,3,1,2024-06-21_RgbImage_2024-06-21_14-56-46.png,Poplar_251_CHWK-27-4_8,0.9920058501143064,1.2380215619996306
Poplar,RGB1,CHWH-27-3,2024-04-16 14:53:53,2,3,1,2024-04-16_RgbImage_2024-04-16_14-53-52.png,Poplar_CHWH-27-3,0.9831744497649831,2.7364793840024504
Poplar,RGB2,CHWH-27-3,2024-04-16 14:53:20,2,3,1,2024-04-16_RgbImage_2024-04-16_14-53-19.png,Poplar_CHWH-27-3,0.9930242991116637,1.2520813030023419
Poplar,RGB1,GW-7996,2024-04-17 13:28:13,2,3,1,2024-04-17_RgbImage_2024-04-17_13-28-13.png,Poplar_GW-7996,0.9784812213963022,2.7220627880014945
Poplar,RGB2,GW-7996,2024-04-17 13:27:38,2,3,1,2024-04-17_RgbImage_2024-04-17_13-27-38.png,Poplar_GW-7996,0.9918678604215416,1.2432991989990114
Poplar,RGB1,198_BESC-117_3,2024-06-08 14:38:57,2,3,2,2024-06-8_RgbImage_2024-06-08_14-38-56.png,Poplar_198_BESC-117_3,0.9788049029622292,2.7893946730000607
Poplar,RGB2,198_BESC-117_3,2024-06-08 14:38:20,2,3,2,2024-06-8_RgbImage_2024-06-08_14-38-20.png,Poplar_198_BESC-117_3,0.9951738624890567,1.2797866610017081
Poplar,RGB1,BESC-107,2024-04-09 14:30:44,2,3,2,2024-04-9_RgbImage_2024-04-09_14-30-43.png,Poplar_BESC-107,0.9868078447973624,2.839973676000227
Poplar,RGB2,BESC-107,2024-04-09 14:30:09,2,3,2,2024-04-9_RgbImage_2024-04-09_14-30-08.png,Poplar_BESC-107,0.992277709049545,1.2836636399988492
Poplar,RGB1,BESC-48,2024-04-10 09:33:18,2,3,2,2024-04-10_RgbImage_2024-04-10_09-33-18.png,Poplar_BESC-48,0.9646569345182519,2.820021794999775
Poplar,RGB2,BESC-48,2024-04-10 09:32:42,2,3,2,2024-04-10_RgbImage_2024-04-10_09-32-41.png,Poplar_BESC-48,0.9904291263169176,1.2208501179993618
Poplar,RGB1,311_BESC-847_1,2024-05-29 12:26:39,2,3,3,2024-05-29_RgbImage_2024-05-29_12-26-39.png,Poplar_311_BESC-847_1,0.9769385300461085,2.743557685000269
Poplar,RGB2,311_BESC-847_1,2024-05-29 12:26:02,2,3,3,2024-05-29_RgbImage_2024-05-29_12-26-01.png,Poplar_311_BESC-847_1,0.9948447415271396,1.2553445609992195
Poplar,RGB1,400_BESC-1145_1,2024-05-29 10:50:47,2,3,3,2024-05-29_RgbImage_2024-05-29_10-50-46.png,Poplar_400_BESC-1145_1,0.9852572464427393,2.737191478998284
Poplar,RGB2,400_BESC-1145_1,2024-05-29 10:50:08,2,3,3,2024-05-29_RgbImage_2024-05-29_10-50-08.png,Poplar_400_BESC-1145_1,0.9916771817331187,1.2552762730010727
Poplar,RGB1,GW-8585,2024-05-02 13:31:37,2,3,3,2024-05-2_RgbImage_2024-05-02_13-31-36.png,Poplar_GW-8585,0.9723920170640042,2.86517821599773
Poplar,RGB2,GW-8585,2024-05-02 13:30:59,2,3,3,2024-05-2_RgbImage_2024-05-02_13-30-59.png,Poplar_GW-8585,0.9877398377473561,1.2645911629988404
Poplar,RGB1,43_BESC-1098_8,2024-06-15 15:47:08,2,3,4,2024-06-15_RgbImage_2024-06-15_15-47-08.png,Poplar_43_BESC-1098_8,0.9841477710487742,2.790778809998301
Poplar,RGB2,43_BESC-1098_8,2024-06-15 15:46:34,2,3,4,2024-06-15_RgbImage_2024-06-15_15-46-34.png,Poplar_43_BESC-1098_8,0.9926850945834975,1.2542793370012078
Poplar,RGB1,54 52-225 R4,2023-11-25 09:02:39,2,3,4,2023-11-25_RgbImage_2023-11-25_09-02-38.png,Poplar_54 52-225 R4,0.9773754503578317,2.727026492000732
Poplar,RGB2,54 52-225 R4,2023-11-25 09:02:00,2,3,4,2023-11-25_RgbImage_2023-11-25_09-02-00.png,Poplar_54 52-225 R4,0.9876947385340531,1.2434475899972313
Poplar,RGB1,BESC-309,2024-04-02 13:42:22,2,3,4,2024-04-2_RgbImage_2024-04-02_13-42-22.png,Poplar_BESC-309,0.9806833959923337,2.7393972300014866
Poplar,RGB2,BESC-309,2024-04-02 13:41:45,2,3,4,2024-04-2_RgbImage_2024-04-02_13-41-45.png,Poplar_BESC-309,0.9909950893188549,1.2488214689983579
Poplar,RGB1,282_SLMB-28-4_2,2024-06-16 13:48:27,2,4,0,2024-06-16_RgbImage_2024-06-16_13-48-27.png,Poplar_282_SLMB-28-4_2,0.9609871616183195,2.775045415000932
Poplar,RGB2,282_SLMB-28-4_2,2024-06-16 13:47:53,2,4,0,2024-06-16_RgbImage_2024-06-16_13-47-52.png,Poplar_282_SLMB-28-4_2,0.9932139283930833,1.2452209319999383
Poplar,RGB1,464_LILC-26-2_8,2024-05-30 09:35:20,2,4,0,2024-05-30_RgbImage_2024-05-30_09-35-20.png,Poplar_464_LILC-26-2_8,0.9324015162099941,2.819236278999597
Poplar,RGB2,464_LILC-26-2_8,2024-05-30 09:34:41,2,4,0,2024-05-30_RgbImage_2024-05-30_09-34-40.png,Poplar_464_LILC-26-2_8,0.9826273538079461,1.2431027679995168
Poplar,RGB1,CA-01-03,2024-05-08 10:44:34,2,4,0,2024-05-8_RgbImage_2024-05-08_10-44-33.png,Poplar_CA-01-03,0.978662368320712,2.7765141109994147
Poplar,RGB2,CA-01-03,2024-05-08 10:43:56,2,4,0,2024-05-8_RgbImage_2024-05-08_10-43-55.png,Poplar_CA-01-03,0.9883233297731788,1.2317505160026485
Poplar,RGB1,HOPF-27-3,2024-04-19 19:56:00,2,4,0,2024-04-19_RgbImage_2024-04-19_19-56-00.png,Poplar_HOPF-27-3,0.9641540849074742,2.7682450680003967
Poplar,RGB2,HOPF-27-3,2024-04-19 19:55:27,2,4,0,2024-04-19_RgbImage_2024-04-19_19-55-26.png,Poplar_HOPF-27-3,0.9887014380644488,1.233764353000879
Poplar,RGB1,150_BESC-1103_3,2024-06-14 13:53:10,2,4,1,2024-06-14_RgbImage_2024-06-14_13-53-10.png,Poplar_150_BESC-1103_3,0.9591453712141714,2.8102469759978703
Poplar,RGB2,150_BESC-1103_3,2024-06-14 13:52:33,2,4,1,2024-06-14_RgbImage_2024-06-14_13-52-32.png,Poplar_150_BESC-1103_3,0.9889738669147156,1.2765265670022927
Poplar,RGB1,258_BESC-1207_6,2024-06-26 12:40:56,2,4,1,2024-06-26_RgbImage_2024-06-26_12-40-56.png,Poplar_258_BESC-1207_6,0.9703205924716511,2.8330482420024055
Poplar,RGB2,258_BESC-1207_6,2024-06-26 12:40:21,2,4,1,2024-06-26_RgbImage_2024-06-26_12-40-20.png,Poplar_258_BESC-1207_6,0.9873508823819472,1.2789265849969524
Poplar,RGB1,BESC-209,2024-05-02 13:09:59,2,4,1,2024-05-2_RgbImage_2024-05-02_13-09-58.png,Poplar_BESC-209,0.9747579717659802,2.7666781949992583
Poplar,RGB2,BESC-209,2024-05-02 13:09:22,2,4,1,2024-05-2_RgbImage_2024-05-02_13-09-21.png,Poplar_BESC-209,0.9932523756237904,1.2401644829988072
Poplar,RGB1,105_LILC-26-2_1,2024-05-26 18:18:42,2,4,2,2024-05-26_RgbImage_2024-05-26_18-18-41.png,Poplar_105_LILC-26-2_1,0.9787692989972082,2.7189370679989224
Poplar,RGB2,105_LILC-26-2_1,2024-05-26 18:18:07,2,4,2,2024-05-26_RgbImage_2024-05-26_18-18-06.png,Poplar_105_LILC-26-2_1,0.9770329531421867,1.2462278549974144
Poplar,RGB1,SQMC-25-4,2024-05-02 12:41:20,2,4,2,2024-05-2_RgbImage_2024-05-02_12-41-19.png,Poplar_SQMC-25-4,0.954412549677345,2.795135995998862
Poplar,RGB2,SQMC-25-4,2024-05-02 12:40:43,2,4,2,2024-05-2_RgbImage_2024-05-02_12-40-42.png,Poplar_SQMC-25-4,0.9891188214932565,1.2327460369997425
Poplar,RGB1,109_BESC-14_4,2024-06-26 16:41:20,2,4,3,2024-06-26_RgbImage_2024-06-26_16-41-20.png,Poplar_109_BESC-14_4,0.9747652681085192,2.8018915280008514
Poplar,RGB2,109_BESC-14_4,2024-06-26 16:40:45,2,4,3,2024-06-26_RgbImage_2024-06-26_16-40-44.png,Poplar_109_BESC-14_4,0.9912834631831818,1.22150726000109
Poplar,RGB1,131_BESC-1096_1,2024-06-30 20:05:41,2,4,3,2024-06-30_RgbImage_2024-06-30_20-05-40.png,Poplar_131_BESC-1096_1,0.9770675922363853,2.8168704560011975
Poplar,RGB2,131_BESC-1096_1,2024-06-30 20:05:04,2,4,3,2024-06-30_RgbImage_2024-06-30_20-05-03.png,Poplar_131_BESC-1096_1,0.9890845505917568,1.2416595690010581
Poplar,RGB1,426_GW-9851_1,2024-06-01 07:16:45,2,4,3,2024-06-1_RgbImage_2024-06-01_07-16-44.png,Poplar_426_GW-9851_1,0.9798472583427348,2.824856223000097
Poplar,RGB2,426_GW-9851_1,2024-06-01 07:16:08,2,4,3,2024-06-1_RgbImage_2024-06-01_07-16-07.png,Poplar_426_GW-9851_1,0.9919708633391329,1.2204638379989774
Poplar,RGB1,432_BESC-1166_7,2024-06-21 11:51:02,2,4,3,2024-06-21_RgbImage_2024-06-21_11-51-02.png,Poplar_432_BESC-1166_7,0.97673265879257,2.7911436989998037
Poplar,RGB2,432_BESC-1166_7,2024-06-21 11:50:33,2,4,3,2024-06-21_RgbImage_2024-06-21_11-50-33.png,Poplar_432_BESC-1166_7,0.9900130017935295,1.2084785789993475
Poplar,RGB1,211_BESC-56_7,2024-06-07 12:24:28,2,4,4,2024-06-7_RgbImage_2024-06-07_12-24-28.png,Poplar_211_BESC-56_7,0.9873593124285814,2.7628361210008734
Poplar,RGB2,211_BESC-56_7,2024-06-07 12:23:49,2,4,4,2024-06-7_RgbImage_2024-06-07_12-23-49.png,Poplar_211_BESC-56_7,0.9879852763263013,1.2326574190010433
Poplar,RGB1,374_BESC-321_5,2024-05-26 13:01:32,2,4,4,2024-05-26_RgbImage_2024-05-26_13-01-31.png,Poplar_374_BESC-321_5,0.9677517592422561,2.8365374080021866
Poplar,RGB2,374_BESC-321_5,2024-05-26 13:00:49,2,4,4,2024-05-26_RgbImage_2024-05-26_13-00-49.png,Poplar_374_BESC-321_5,0.9334893182496985,1.2590722580025613
Poplar,RGB1,BESC-1091,2024-05-09 08:43:16,2,4,4,2024-05-9_RgbImage_2024-05-09_08-43-16.png,Poplar_BESC-1091,0.9725452156937797,2.780681107997225
Poplar,RGB2,BESC-1091,2024-05-09 08:42:38,2,4,4,2024-05-9_RgbImage_2024-05-09_08-42-37.png,Poplar_BESC-1091,0.9816106882749225,1.2495632620011747
Poplar,RGB1,BESC-1226,2024-04-11 17:07:11,2,4,4,2024-04-11_RgbImage_2024-04-11_17-07-10.png,Poplar_BESC-1226,0.981088204238552,2.732454212997254
Poplar,RGB2,BESC-1226,2024-04-11 17:06:33,2,4,4,2024-04-11_RgbImage_2024-04-11_17-06-33.png,Poplar_BESC-1226,0.9885416666666788,1.24491174799914
Poplar,RGB1,88_CHX20-KO54+Na_R4_I APPL 45,2023-10-27 17:56:12,3,0,0,2023-10-27_RgbImage_2023-10-27_17-56-11.png,Poplar_88_CHX20-KO54+Na_R4_I APPL 45,0.9887256944763466,2.734978394000791
Poplar,RGB1,88_CHX20-KO54+Na_R4_I APPL 45,2023-11-01 17:50:21,3,0,0,2023-11-1_RgbImage_2023-11-01_17-50-20.png,Poplar_88_CHX20-KO54+Na_R4_I APPL 45,0.9923496012026183,2.719198843002232
Poplar,RGB2,88_CHX20-KO54+Na_R4_I APPL 45,2023-10-27 17:55:42,3,0,0,2023-10-27_RgbImage_2023-10-27_17-55-41.png,Poplar_88_CHX20-KO54+Na_R4_I APPL 45,0.9896278360006611,1.216510242997174
Poplar,RGB2,88_CHX20-KO54+Na_R4_I APPL 45,2023-11-01 17:49:50,3,0,0,2023-11-1_RgbImage_2023-11-01_17-49-50.png,Poplar_88_CHX20-KO54+Na_R4_I APPL 45,0.9910896065057887,1.2378006039980392
Poplar,RGB1,BESC-426,2024-04-24 15:44:13,3,0,0,2024-04-24_RgbImage_2024-04-24_15-44-13.png,Poplar_BESC-426,0.9772364407272647,2.7713875779991213
Poplar,RGB2,BESC-426,2024-04-24 15:43:44,3,0,0,2024-04-24_RgbImage_2024-04-24_15-43-44.png,Poplar_BESC-426,0.9928567490646742,1.2286875350000628
Poplar,RGB1,74_WT717+Na_R2_I APPL 28,2023-11-01 15:36:15,3,0,1,2023-11-1_RgbImage_2023-11-01_15-36-15.png,Poplar_74_WT717+Na_R2_I APPL 28,0.9909150098677058,2.788470323997899
Poplar,RGB2,74_WT717+Na_R2_I APPL 28,2023-11-01 15:35:51,3,0,1,2023-11-1_RgbImage_2023-11-01_15-35-50.png,Poplar_74_WT717+Na_R2_I APPL 28,0.9948802293657253,1.2274096479995933
Poplar,RGB1,92_CHX20-KO107+Na_R4_I APPL 351,2023-11-01 20:57:51,3,0,1,2023-11-1_RgbImage_2023-11-01_20-57-50.png,Poplar_92_CHX20-KO107+Na_R4_I APPL 351,0.989421134248602,2.799698239999998
Poplar,RGB2,92_CHX20-KO107+Na_R4_I APPL 351,2023-11-01 20:57:23,3,0,1,2023-11-1_RgbImage_2023-11-01_20-57-22.png,Poplar_92_CHX20-KO107+Na_R4_I APPL 351,0.9935580691720988,1.2319365969997307
Poplar,RGB1,2_GW-9588-C_R2_I APPL 213,2023-10-13 15:47:33,3,0,2,2023-10-13_RgbImage_2023-10-13_15-47-32.png,Poplar_2_GW-9588-C_R2_I APPL 213,0.982689229648608,2.787737908998679
Poplar,RGB2,2_GW-9588-C_R2_I APPL 213,2023-10-13 15:47:01,3,0,2,2023-10-13_RgbImage_2023-10-13_15-47-00.png,Poplar_2_GW-9588-C_R2_I APPL 213,0.9930858781700054,1.2276318779986468
Poplar,RGB1,45_BESC-4+K_R3_IV APPL 113,2023-11-01 19:23:59,3,0,2,2023-11-1_RgbImage_2023-11-01_19-23-59.png,Poplar_45_BESC-4+K_R3_IV APPL 113,0.985694300811245,2.781904659997963
Poplar,RGB2,45_BESC-4+K_R3_IV APPL 113,2023-11-01 19:23:32,3,0,2,2023-11-1_RgbImage_2023-11-01_19-23-32.png,Poplar_45_BESC-4+K_R3_IV APPL 113,0.9888572056354332,1.232319210001151
Poplar,RGB1,59_52-225_R5_PM,2024-05-31 13:40:51,3,0,2,2024-05-31_RgbImage_2024-05-31_13-40-50.png,Poplar_59_52-225_R5_PM,0.989853902438715,2.820904893000261
Poplar,RGB2,59_52-225_R5_PM,2024-05-31 13:40:21,3,0,2,2024-05-31_RgbImage_2024-05-31_13-40-21.png,Poplar_59_52-225_R5_PM,0.9882087120613007,1.276703561998147
Poplar,RGB1,BESC-345,2024-04-24 15:02:25,3,0,2,2024-04-24_RgbImage_2024-04-24_15-02-24.png,Poplar_BESC-345,0.9871129364668007,2.7734135479986435
Poplar,RGB2,BESC-345,2024-04-24 15:01:57,3,0,2,2024-04-24_RgbImage_2024-04-24_15-01-57.png,Poplar_BESC-345,0.9864069799297555,1.2342223880004894
Poplar,RGB1,3_GW-9588-C_R3_I APPL 412,2023-11-10 13:20:24,3,0,3,2023-11-10_RgbImage_2023-11-10_13-20-23.png,Poplar_3_GW-9588-C_R3_I APPL 412,0.9827397261599585,2.806663519000722
Poplar,RGB2,3_GW-9588-C_R3_I APPL 412,2023-11-10 13:19:56,3,0,3,2023-11-10_RgbImage_2023-11-10_13-19-56.png,Poplar_3_GW-9588-C_R3_I APPL 412,0.9927054960250336,1.2682659900019644
Poplar,RGB1,45_BESC-4+K_R3_IV APPL 113,2023-10-23 23:39:27,3,0,3,2023-10-23_RgbImage_2023-10-23_23-39-27.png,Poplar_45_BESC-4+K_R3_IV APPL 113,0.9808037883662041,2.7504056500001752
Poplar,RGB2,45_BESC-4+K_R3_IV APPL 113,2023-10-23 23:38:57,3,0,3,2023-10-23_RgbImage_2023-10-23_23-38-57.png,Poplar_45_BESC-4+K_R3_IV APPL 113,0.9860082661759597,1.2307399950004765
Poplar,RGB1,46_BESC-4+K_R4_IV APPL 114,2023-10-20 21:44:11,3,0,3,2023-10-20_RgbImage_2023-10-20_21-44-10.png,Poplar_46_BESC-4+K_R4_IV APPL 114,0.9848255057715006,2.837891466999281
Poplar,RGB2,46_BESC-4+K_R4_IV APPL 114,2023-10-20 21:43:43,3,0,3,2023-10-20_RgbImage_2023-10-20_21-43-43.png,Poplar_46_BESC-4+K_R4_IV APPL 114,0.9895578715762142,1.2731946370004152
Poplar,RGB1,63 93-968 R8,2023-11-25 10:03:04,3,0,3,2023-11-25_RgbImage_2023-11-25_10-03-03.png,Poplar_63 93-968 R8,0.9817087428962167,2.8594982360009453
Poplar,RGB2,63 93-968 R8,2023-11-25 10:02:30,3,0,3,2023-11-25_RgbImage_2023-11-25_10-02-30.png,Poplar_63 93-968 R8,0.9894649973623412,1.2283674399986921
Poplar,RGB1,18_GW-9588+Na_R6_I APPL 92,2023-10-18 16:01:19,3,0,4,2023-10-18_RgbImage_2023-10-18_16-01-18.png,Poplar_18_GW-9588+Na_R6_I APPL 92,0.9857526207792047,2.8059013670026616
Poplar,RGB2,18_GW-9588+Na_R6_I APPL 92,2023-10-18 16:00:47,3,0,4,2023-10-18_RgbImage_2023-10-18_16-00-47.png,Poplar_18_GW-9588+Na_R6_I APPL 92,0.9947625195423524,1.2375825510025606
Poplar,RGB1,9_GW-9588+K_R3_IV APPL 102,2023-10-25 14:35:57,3,0,4,2023-10-25_RgbImage_2023-10-25_14-35-56.png,Poplar_9_GW-9588+K_R3_IV APPL 102,0.9846141549627715,2.780324221999763
Poplar,RGB1,9_GW-9588+K_R3_IV APPL 102,2023-10-18 14:53:00,3,0,4,2023-10-18_RgbImage_2023-10-18_14-53-00.png,Poplar_9_GW-9588+K_R3_IV APPL 102,0.9837381459124698,2.734369963000063
Poplar,RGB2,9_GW-9588+K_R3_IV APPL 102,2023-10-25 14:35:29,3,0,4,2023-10-25_RgbImage_2023-10-25_14-35-29.png,Poplar_9_GW-9588+K_R3_IV APPL 102,0.9889564946698997,1.257114187003026
Poplar,RGB2,9_GW-9588+K_R3_IV APPL 102,2023-10-18 14:52:30,3,0,4,2023-10-18_RgbImage_2023-10-18_14-52-30.png,Poplar_9_GW-9588+K_R3_IV APPL 102,0.9933075165340125,1.2256388209971192
Poplar,RGB1,BESC-426,2024-04-28 10:06:25,3,1,0,2024-04-28_RgbImage_2024-04-28_10-06-25.png,Poplar_BESC-426,0.9783375573884314,2.720199131999834
Poplar,RGB2,BESC-426,2024-04-28 10:05:57,3,1,0,2024-04-28_RgbImage_2024-04-28_10-05-57.png,Poplar_BESC-426,0.9921834325568363,1.2443876869983796
Poplar,RGB1,BLCG-28-3,2024-04-16 09:39:42,3,1,0,2024-04-16_RgbImage_2024-04-16_09-39-42.png,Poplar_BLCG-28-3,0.9829154977474512,2.778035284998623
Poplar,RGB2,BLCG-28-3,2024-04-16 09:39:10,3,1,0,2024-04-16_RgbImage_2024-04-16_09-39-09.png,Poplar_BLCG-28-3,0.994811240916034,1.2261616790019616
Poplar,RGB1,DEND-17-2,2024-04-19 20:52:13,3,1,0,2024-04-19_RgbImage_2024-04-19_20-52-13.png,Poplar_DEND-17-2,0.9781365344220919,2.7920526759990025
Poplar,RGB2,DEND-17-2,2024-04-19 20:51:44,3,1,0,2024-04-19_RgbImage_2024-04-19_20-51-43.png,Poplar_DEND-17-2,0.9914351432101537,1.2216974189977918
Poplar,RGB1,71_GW10999_R5_PM,2024-05-24 10:22:05,3,1,1,2024-05-24_RgbImage_2024-05-24_10-22-05.png,Poplar_71_GW10999_R5_PM,0.9788047406323838,2.7901954740009387
Poplar,RGB2,71_GW10999_R5_PM,2024-05-24 10:21:37,3,1,1,2024-05-24_RgbImage_2024-05-24_10-21-37.png,Poplar_71_GW10999_R5_PM,0.9944174779902295,1.2534953739996126
Poplar,RGB1,GW-9848,2024-04-19 18:30:58,3,1,1,2024-04-19_RgbImage_2024-04-19_18-30-57.png,Poplar_GW-9848,0.9683286108566643,2.818122602002404
Poplar,RGB2,GW-9848,2024-04-19 18:30:23,3,1,1,2024-04-19_RgbImage_2024-04-19_18-30-23.png,Poplar_GW-9848,0.9914781414197673,1.2272072960004152
Poplar,RGB1,113_BESC-45_5,2024-06-08 16:40:42,3,1,2,2024-06-8_RgbImage_2024-06-08_16-40-42.png,Poplar_113_BESC-45_5,0.9872470785483505,2.7758422789993347
Poplar,RGB2,113_BESC-45_5,2024-06-08 16:40:11,3,1,2,2024-06-8_RgbImage_2024-06-08_16-40-11.png,Poplar_113_BESC-45_5,0.9953174414313768,1.2368610769990482
Poplar,RGB1,319_CHWH-27-4_5,2024-06-30 11:14:32,3,1,2,2024-06-30_RgbImage_2024-06-30_11-14-31.png,Poplar_319_CHWH-27-4_5,0.9836921481121914,2.777001669997844
Poplar,RGB2,319_CHWH-27-4_5,2024-06-30 11:14:03,3,1,2,2024-06-30_RgbImage_2024-06-30_11-14-02.png,Poplar_319_CHWH-27-4_5,0.9933042719947173,1.2510161669997615
Poplar,RGB1,80_BESC 371_R2_FS,2024-05-31 11:27:35,3,1,2,2024-05-31_RgbImage_2024-05-31_11-27-34.png,Poplar_80_BESC 371_R2_FS,0.9863419182755966,2.768469239999831
Poplar,RGB2,80_BESC 371_R2_FS,2024-05-31 11:27:05,3,1,2,2024-05-31_RgbImage_2024-05-31_11-27-04.png,Poplar_80_BESC 371_R2_FS,0.9916663008034412,1.2592724259993702
Poplar,RGB1,23_GW-9914-C_R5_I APPL 235,2023-10-27 16:28:36,3,1,3,2023-10-27_RgbImage_2023-10-27_16-28-35.png,Poplar_23_GW-9914-C_R5_I APPL 235,0.9792239828902022,2.7709502799989423
Poplar,RGB2,23_GW-9914-C_R5_I APPL 235,2023-10-27 16:28:07,3,1,3,2023-10-27_RgbImage_2023-10-27_16-28-06.png,Poplar_23_GW-9914-C_R5_I APPL 235,0.9902100461605553,1.2473919260010007
Poplar,RGB1,37_BESC-4-C_R1_I APPL 226,2023-10-11 13:43:46,3,1,3,2023-10-11_RgbImage_2023-10-11_13-43-46.png,Poplar_37_BESC-4-C_R1_I APPL 226,0.9826333751252919,2.828844431998732
Poplar,RGB2,37_BESC-4-C_R1_I APPL 226,2023-10-11 13:43:14,3,1,3,2023-10-11_RgbImage_2023-10-11_13-43-13.png,Poplar_37_BESC-4-C_R1_I APPL 226,0.9902148045458231,1.248372449001181
Poplar,RGB1,5_GW-9588-C_R5_I APPL 224,2023-10-11 12:27:37,3,1,3,2023-10-11_RgbImage_2023-10-11_12-27-37.png,Poplar_5_GW-9588-C_R5_I APPL 224,0.9873563195822961,2.7711930989971734
Poplar,RGB2,5_GW-9588-C_R5_I APPL 224,2023-10-11 12:27:03,3,1,3,2023-10-11_RgbImage_2023-10-11_12-27-02.png,Poplar_5_GW-9588-C_R5_I APPL 224,0.9857853331763835,1.238935338002193
Poplar,RGB1,18_GW-9588+Na_R6_I APPL 92,2023-10-20 16:30:25,3,1,4,2023-10-20_RgbImage_2023-10-20_16-30-24.png,Poplar_18_GW-9588+Na_R6_I APPL 92,0.9888076993886481,2.7762521330005256
Poplar,RGB2,18_GW-9588+Na_R6_I APPL 92,2023-10-20 16:29:54,3,1,4,2023-10-20_RgbImage_2023-10-20_16-29-53.png,Poplar_18_GW-9588+Na_R6_I APPL 92,0.9927153056072698,1.2209778480028035
Poplar,RGB1,27_GW-9914+K_R3_IV APPL 108,2023-10-23 18:07:42,3,1,4,2023-10-23_RgbImage_2023-10-23_18-07-42.png,Poplar_27_GW-9914+K_R3_IV APPL 108,0.9771553595543785,2.7305857890023617
Poplar,RGB2,27_GW-9914+K_R3_IV APPL 108,2023-10-23 18:07:15,3,1,4,2023-10-23_RgbImage_2023-10-23_18-07-15.png,Poplar_27_GW-9914+K_R3_IV APPL 108,0.9903871926635459,1.2292851140009589
Poplar,RGB1,63_YALE-27-3+K_R3_IV APPL 119,2023-10-23 18:14:28,3,1,4,2023-10-23_RgbImage_2023-10-23_18-14-28.png,Poplar_63_YALE-27-3+K_R3_IV APPL 119,0.9796631798147343,2.72334501899968
Poplar,RGB2,63_YALE-27-3+K_R3_IV APPL 119,2023-10-23 18:14:00,3,1,4,2023-10-23_RgbImage_2023-10-23_18-14-00.png,Poplar_63_YALE-27-3+K_R3_IV APPL 119,0.9907904660284185,1.2469271469999512
Poplar,RGB1,129_GW-9851_2,2024-06-30 20:45:26,3,2,0,2024-06-30_RgbImage_2024-06-30_20-45-26.png,Poplar_129_GW-9851_2,0.9844386766744335,2.7790102969993313
Poplar,RGB2,129_GW-9851_2,2024-06-30 20:44:58,3,2,0,2024-06-30_RgbImage_2024-06-30_20-44-58.png,Poplar_129_GW-9851_2,0.9938942158523966,1.2444461070008401
Poplar,RGB1,326_BESC-45_8,2024-06-22 11:46:01,3,2,0,2024-06-22_RgbImage_2024-06-22_11-46-01.png,Poplar_326_BESC-45_8,0.9737161965310225,2.774720948000322
Poplar,RGB2,326_BESC-45_8,2024-06-22 11:45:38,3,2,0,2024-06-22_RgbImage_2024-06-22_11-45-37.png,Poplar_326_BESC-45_8,0.9924824476373788,1.2280079800002568
Poplar,RGB1,GW-1984,2024-04-20 07:41:41,3,2,0,2024-04-20_RgbImage_2024-04-20_07-41-41.png,Poplar_GW-1984,0.9774299729388339,2.73938455300231
Poplar,RGB2,GW-1984,2024-04-20 07:41:08,3,2,0,2024-04-20_RgbImage_2024-04-20_07-41-07.png,Poplar_GW-1984,0.9909776936633076,1.2278930419997778
Poplar,RGB1,BESC-81,2024-04-18 14:37:45,3,2,1,2024-04-18_RgbImage_2024-04-18_14-37-45.png,Poplar_BESC-81,0.9776934094371751,2.7373766359996807
Poplar,RGB2,BESC-81,2024-04-18 14:37:12,3,2,1,2024-04-18_RgbImage_2024-04-18_14-37-11.png,Poplar_BESC-81,0.9905587732554679,1.3051942649981356
Poplar,RGB1,GW-552,2024-04-24 12:34:48,3,2,1,2024-04-24_RgbImage_2024-04-24_12-34-47.png,Poplar_GW-552,0.9782267232374333,2.8191011199996865
Poplar,RGB2,GW-552,2024-04-24 12:34:15,3,2,1,2024-04-24_RgbImage_2024-04-24_12-34-15.png,Poplar_GW-552,0.9910146008923434,1.2498412759996427
Poplar,RGB1,292_BESC-1142_2,2024-06-26 11:21:16,3,2,2,2024-06-26_RgbImage_2024-06-26_11-21-15.png,Poplar_292_BESC-1142_2,0.9843533401013237,2.820508341999812
Poplar,RGB2,292_BESC-1142_2,2024-06-26 11:20:46,3,2,2,2024-06-26_RgbImage_2024-06-26_11-20-45.png,Poplar_292_BESC-1142_2,0.9931619679192542,1.2433973139995942
Poplar,RGB1,76_BESC-45_2,2024-06-10 17:05:46,3,2,2,2024-06-10_RgbImage_2024-06-10_17-05-46.png,Poplar_76_BESC-45_2,0.9790873449317512,2.8278975719986192
Poplar,RGB2,76_BESC-45_2,2024-06-10 17:05:16,3,2,2,2024-06-10_RgbImage_2024-06-10_17-05-16.png,Poplar_76_BESC-45_2,0.9942212445536475,1.24850668399813
Poplar,RGB1,25_GW-9919_3,2024-06-16 19:44:47,3,2,3,2024-06-16_RgbImage_2024-06-16_19-44-46.png,Poplar_25_GW-9919_3,0.9776564031929742,2.765570468000078
Poplar,RGB2,25_GW-9919_3,2024-06-16 19:44:18,3,2,3,2024-06-16_RgbImage_2024-06-16_19-44-17.png,Poplar_25_GW-9919_3,0.9964307610359907,1.2426984920020914
Poplar,RGB1,407_BESC-1017_8,2024-06-14 07:29:52,3,2,3,2024-06-14_RgbImage_2024-06-14_07-29-52.png,Poplar_407_BESC-1017_8,0.9766829344986144,2.766118434003147
Poplar,RGB2,407_BESC-1017_8,2024-06-14 07:29:19,3,2,3,2024-06-14_RgbImage_2024-06-14_07-29-18.png,Poplar_407_BESC-1017_8,0.9877224354617903,1.2360487600017223
Poplar,RGB1,70_D-124_R2_FS,2024-05-31 10:17:43,3,2,3,2024-05-31_RgbImage_2024-05-31_10-17-42.png,Poplar_70_D-124_R2_FS,0.9884865292627244,2.7636175059997186
Poplar,RGB2,70_D-124_R2_FS,2024-05-31 10:17:09,3,2,3,2024-05-31_RgbImage_2024-05-31_10-17-08.png,Poplar_70_D-124_R2_FS,0.9709740779359546,1.2732891750019917
Poplar,RGB1,BESC-153,2024-04-30 09:52:07,3,2,3,2024-04-30_RgbImage_2024-04-30_09-52-07.png,Poplar_BESC-153,0.991851788249213,2.8234883050026838
Poplar,RGB2,BESC-153,2024-04-30 09:51:36,3,2,3,2024-04-30_RgbImage_2024-04-30_09-51-35.png,Poplar_BESC-153,0.9943946648674653,1.236254529998405
Poplar,RGB1,35_GW-9914+Na_R5_I APPL 167,2023-11-13 12:13:55,3,2,4,2023-11-13_RgbImage_2023-11-13_12-13-54.png,Poplar_35_GW-9914+Na_R5_I APPL 167,0.9788589845685745,2.77146416100004
Poplar,RGB1,35_GW-9914+Na_R5_I APPL 167,2023-11-08 11:39:33,3,2,4,2023-11-8_RgbImage_2023-11-08_11-39-33.png,Poplar_35_GW-9914+Na_R5_I APPL 167,0.9842710693518038,2.714151407999452
Poplar,RGB2,35_GW-9914+Na_R5_I APPL 167,2023-11-13 12:13:18,3,2,4,2023-11-13_RgbImage_2023-11-13_12-13-17.png,Poplar_35_GW-9914+Na_R5_I APPL 167,0.9856914709944808,1.2171292420025566
Poplar,RGB2,35_GW-9914+Na_R5_I APPL 167,2023-11-08 11:38:55,3,2,4,2023-11-8_RgbImage_2023-11-08_11-38-54.png,Poplar_35_GW-9914+Na_R5_I APPL 167,0.9852998359352945,1.2450757769984193
Poplar,RGB1,334_KLND-20-1_4,2024-06-22 12:32:16,3,3,0,2024-06-22_RgbImage_2024-06-22_12-32-15.png,Poplar_334_KLND-20-1_4,0.9806346694530743,2.8220593730002292
Poplar,RGB2,334_KLND-20-1_4,2024-06-22 12:31:55,3,3,0,2024-06-22_RgbImage_2024-06-22_12-31-55.png,Poplar_334_KLND-20-1_4,0.9869493891590096,1.2505183760004002
Poplar,RGB1,BESC-309,2024-05-07 11:57:25,3,3,0,2024-05-7_RgbImage_2024-05-07_11-57-25.png,Poplar_BESC-309,0.978595273171823,2.758962755000539
Poplar,RGB2,BESC-309,2024-05-07 11:56:51,3,3,0,2024-05-7_RgbImage_2024-05-07_11-56-50.png,Poplar_BESC-309,0.987567380425964,1.24093695099873
Poplar,RGB1,BESC-906,2024-04-19 12:43:13,3,3,0,2024-04-19_RgbImage_2024-04-19_12-43-13.png,Poplar_BESC-906,0.9773163318416369,2.754551727000944
Poplar,RGB2,BESC-906,2024-04-19 12:42:37,3,3,0,2024-04-19_RgbImage_2024-04-19_12-42-37.png,Poplar_BESC-906,0.9880694009815422,1.2361254850002297
Poplar,RGB1,111_BESC-1170_1,2024-06-12 19:18:19,3,3,1,2024-06-12_RgbImage_2024-06-12_19-18-19.png,Poplar_111_BESC-1170_1,0.9758449861923097,2.8068516420025844
Poplar,RGB2,111_BESC-1170_1,2024-06-12 19:17:44,3,3,1,2024-06-12_RgbImage_2024-06-12_19-17-43.png,Poplar_111_BESC-1170_1,0.9940629829807286,1.229877503003081
Poplar,RGB1,BESC-105,2024-04-23 11:37:38,3,3,1,2024-04-23_RgbImage_2024-04-23_11-37-37.png,Poplar_BESC-105,0.9817588191523426,2.822396530998958
Poplar,RGB2,BESC-105,2024-04-23 11:37:08,3,3,1,2024-04-23_RgbImage_2024-04-23_11-37-07.png,Poplar_BESC-105,0.9923164597875875,1.2150468050022027
Poplar,RGB1,BESC-261,2024-05-07 07:23:38,3,3,1,2024-05-7_RgbImage_2024-05-07_07-23-37.png,Poplar_BESC-261,0.9752331266670276,2.718623461001698
Poplar,RGB2,BESC-261,2024-05-07 07:23:06,3,3,1,2024-05-7_RgbImage_2024-05-07_07-23-06.png,Poplar_BESC-261,0.9740798204625395,1.2444483500003116
Poplar,RGB1,GS-050-08_40_15,2024-04-30 15:58:26,3,3,1,2024-04-30_RgbImage_2024-04-30_15-58-25.png,Poplar_GS-050-08_40_15,0.9898788571151816,2.8240256200006115
Poplar,RGB2,GS-050-08_40_15,2024-04-30 15:57:55,3,3,1,2024-04-30_RgbImage_2024-04-30_15-57-54.png,Poplar_GS-050-08_40_15,0.9944189827100014,1.2685975349995715
Poplar,RGB1,52_GW10999_R3_FS,2024-05-31 12:51:53,3,3,2,2024-05-31_RgbImage_2024-05-31_12-51-52.png,Poplar_52_GW10999_R3_FS,0.982295673181131,2.7972751980014436
Poplar,RGB2,52_GW10999_R3_FS,2024-05-31 12:51:26,3,3,2,2024-05-31_RgbImage_2024-05-31_12-51-26.png,Poplar_52_GW10999_R3_FS,0.994076419259541,1.2551760910027951
Poplar,RGB1,91_BESC-1142_6,2024-06-05 16:36:05,3,3,2,2024-06-5_RgbImage_2024-06-05_16-36-05.png,Poplar_91_BESC-1142_6,0.9889684646214896,2.7460495230006927
Poplar,RGB2,91_BESC-1142_6,2024-06-05 16:35:30,3,3,2,2024-06-5_RgbImage_2024-06-05_16-35-29.png,Poplar_91_BESC-1142_6,0.9853278338544977,1.2704653269975097
Poplar,RGB1,BESC-320,2024-05-01 07:16:59,3,3,2,2024-05-1_RgbImage_2024-05-01_07-16-59.png,Poplar_BESC-320,0.9675116281859131,2.7206868219982425
Poplar,RGB2,BESC-320,2024-05-01 07:16:28,3,3,2,2024-05-1_RgbImage_2024-05-01_07-16-28.png,Poplar_BESC-320,0.9959622103333021,1.2246572030016978
Poplar,RGB1,388_BESC-1154_5,2024-06-07 08:26:57,3,3,3,2024-06-7_RgbImage_2024-06-07_08-26-56.png,Poplar_388_BESC-1154_5,0.9828574325943995,2.7979110889973526
Poplar,RGB2,388_BESC-1154_5,2024-06-07 08:26:24,3,3,3,2024-06-7_RgbImage_2024-06-07_08-26-24.png,Poplar_388_BESC-1154_5,0.993187083615084,1.2395118569984334
Poplar,RGB1,450_BESC-1143_5,2024-06-16 08:52:08,3,3,3,2024-06-16_RgbImage_2024-06-16_08-52-07.png,Poplar_450_BESC-1143_5,0.9777276636808105,2.761415813001804
Poplar,RGB2,450_BESC-1143_5,2024-06-16 08:51:36,3,3,3,2024-06-16_RgbImage_2024-06-16_08-51-36.png,Poplar_450_BESC-1143_5,0.9957488538644991,1.261983741002041
Poplar,RGB1,232_CHWH-27-4_4,2024-06-30 13:34:18,3,3,4,2024-06-30_RgbImage_2024-06-30_13-34-18.png,Poplar_232_CHWH-27-4_4,0.9830068610604845,2.786903297997924
Poplar,RGB2,232_CHWH-27-4_4,2024-06-30 13:33:48,3,3,4,2024-06-30_RgbImage_2024-06-30_13-33-47.png,Poplar_232_CHWH-27-4_4,0.9942701363483857,1.2196308210004645
Poplar,RGB1,301_BESC-430_7,2024-06-11 09:25:27,3,3,4,2024-06-11_RgbImage_2024-06-11_09-25-27.png,Poplar_301_BESC-430_7,0.9842248972030041,2.840783502000704
Poplar,RGB2,301_BESC-430_7,2024-06-11 09:24:53,3,3,4,2024-06-11_RgbImage_2024-06-11_09-24-52.png,Poplar_301_BESC-430_7,0.9928498230415758,1.2589525809999031
Poplar,RGB1,57_YALE-27-3-C_R3_I APPL 196,2023-10-18 14:32:29,3,3,4,2023-10-18_RgbImage_2023-10-18_14-32-28.png,Poplar_57_YALE-27-3-C_R3_I APPL 196,0.9782740592636453,2.7766474290001497
Poplar,RGB2,57_YALE-27-3-C_R3_I APPL 196,2023-10-18 14:31:59,3,3,4,2023-10-18_RgbImage_2023-10-18_14-31-58.png,Poplar_57_YALE-27-3-C_R3_I APPL 196,0.9900945840103197,1.254425152001204
Poplar,RGB1,70_YALE-27-3+Na_R4_I APPL 31,2023-10-25 15:50:09,3,3,4,2023-10-25_RgbImage_2023-10-25_15-50-09.png,Poplar_70_YALE-27-3+Na_R4_I APPL 31,0.9833205972861961,2.7684071299991047
Poplar,RGB2,70_YALE-27-3+Na_R4_I APPL 31,2023-10-25 15:49:41,3,3,4,2023-10-25_RgbImage_2023-10-25_15-49-40.png,Poplar_70_YALE-27-3+Na_R4_I APPL 31,0.994790594797329,1.2418407200020738
Poplar,RGB1,129_GW-9851_2,2024-06-23 15:39:39,3,4,0,2024-06-23_RgbImage_2024-06-23_15-39-39.png,Poplar_129_GW-9851_2,0.9814594592405077,2.7370816379989265
Poplar,RGB2,129_GW-9851_2,2024-06-23 15:39:17,3,4,0,2024-06-23_RgbImage_2024-06-23_15-39-16.png,Poplar_129_GW-9851_2,0.9943598930412848,1.2536959829994885
Poplar,RGB1,HOMB-21-3,2024-05-01 17:30:33,3,4,0,2024-05-1_RgbImage_2024-05-01_17-30-33.png,Poplar_HOMB-21-3,0.9761491612183253,2.802262786000938
Poplar,RGB2,HOMB-21-3,2024-05-01 17:30:00,3,4,0,2024-05-1_RgbImage_2024-05-01_17-30-00.png,Poplar_HOMB-21-3,0.9924302155206012,1.2341117579999263
Poplar,RGB1,110_BESC-1143_8,2024-06-26 16:47:55,3,4,1,2024-06-26_RgbImage_2024-06-26_16-47-55.png,Poplar_110_BESC-1143_8,0.9748801204467427,2.7700852929992834
Poplar,RGB2,110_BESC-1143_8,2024-06-26 16:47:25,3,4,1,2024-06-26_RgbImage_2024-06-26_16-47-24.png,Poplar_110_BESC-1143_8,0.9927345547963566,1.2693793929975072
Poplar,RGB1,BESC-239,2024-04-23 09:23:43,3,4,1,2024-04-23_RgbImage_2024-04-23_09-23-43.png,Poplar_BESC-239,0.9779401574138138,2.7360743319986796
Poplar,RGB2,BESC-239,2024-04-23 09:23:11,3,4,1,2024-04-23_RgbImage_2024-04-23_09-23-11.png,Poplar_BESC-239,0.9926297640628758,1.2267138820025139
Poplar,RGB1,GW-10987,2024-04-24 09:45:13,3,4,1,2024-04-24_RgbImage_2024-04-24_09-45-13.png,Poplar_GW-10987,0.9766745771145607,2.7460387920000358
Poplar,RGB2,GW-10987,2024-04-24 09:44:41,3,4,1,2024-04-24_RgbImage_2024-04-24_09-44-41.png,Poplar_GW-10987,0.9891572946754009,1.2298537870010477
Poplar,RGB1,299_BESC-1132_8,2024-06-15 09:11:07,3,4,2,2024-06-15_RgbImage_2024-06-15_09-11-07.png,Poplar_299_BESC-1132_8,0.9815750947771912,2.770281763998355
Poplar,RGB2,299_BESC-1132_8,2024-06-15 09:10:33,3,4,2,2024-06-15_RgbImage_2024-06-15_09-10-32.png,Poplar_299_BESC-1132_8,0.992781720349087,1.2530677649992867
Poplar,RGB1,341_BESC-1154_4,2024-06-26 10:55:05,3,4,2,2024-06-26_RgbImage_2024-06-26_10-55-04.png,Poplar_341_BESC-1154_4,0.9781225666629074,2.7259392520027177
Poplar,RGB2,341_BESC-1154_4,2024-06-26 10:54:34,3,4,2,2024-06-26_RgbImage_2024-06-26_10-54-33.png,Poplar_341_BESC-1154_4,0.990859042711892,1.24392497000008
Poplar,RGB1,BESC-35,2024-05-05 12:04:24,3,4,2,2024-05-5_RgbImage_2024-05-05_12-04-23.png,Poplar_BESC-35,0.9834767943544858,2.7662809299981745
Poplar,RGB2,BESC-35,2024-05-05 12:03:49,3,4,2,2024-05-5_RgbImage_2024-05-05_12-03-49.png,Poplar_BESC-35,0.9910572328106659,1.2415312849989277
Poplar,RGB1,GW-9769,2024-05-07 11:22:09,3,4,2,2024-05-7_RgbImage_2024-05-07_11-22-08.png,Poplar_GW-9769,0.9724997115354549,2.7693595410019043
Poplar,RGB2,GW-9769,2024-05-07 11:21:36,3,4,2,2024-05-7_RgbImage_2024-05-07_11-21-36.png,Poplar_GW-9769,0.9912717745174472,1.2497273699991638
Poplar,RGB1,134_BESC-847_3,2024-06-19 14:25:18,3,4,3,2024-06-19_RgbImage_2024-06-19_14-25-17.png,Poplar_134_BESC-847_3,0.9790868140797075,2.7554944469993643
Poplar,RGB2,134_BESC-847_3,2024-06-19 14:24:43,3,4,3,2024-06-19_RgbImage_2024-06-19_14-24-43.png,Poplar_134_BESC-847_3,0.993875024815202,1.2725397079993854
Poplar,RGB1,330_BESC-1108_8,2024-06-18 10:23:42,3,4,3,2024-06-18_RgbImage_2024-06-18_10-23-42.png,Poplar_330_BESC-1108_8,0.9823282443482495,2.819655958999647
Poplar,RGB2,330_BESC-1108_8,2024-06-18 10:23:08,3,4,3,2024-06-18_RgbImage_2024-06-18_10-23-07.png,Poplar_330_BESC-1108_8,0.9921173644283697,1.2268801259997417
Poplar,RGB1,92_BESC-284_8,2024-06-13 17:38:28,3,4,3,2024-06-13_RgbImage_2024-06-13_17-38-27.png,Poplar_92_BESC-284_8,0.9779792394309703,2.7841905189998215
Poplar,RGB2,92_BESC-284_8,2024-06-13 17:37:59,3,4,3,2024-06-13_RgbImage_2024-06-13_17-37-59.png,Poplar_92_BESC-284_8,0.99404975365688,1.2421544729986636
Poplar,RGB1,GW-11043,2024-05-07 11:36:17,3,4,4,2024-05-7_RgbImage_2024-05-07_11-36-17.png,Poplar_GW-11043,0.9787125426703439,2.781222287998389
Poplar,RGB2,GW-11043,2024-05-07 11:35:43,3,4,4,2024-05-7_RgbImage_2024-05-07_11-35-42.png,Poplar_GW-11043,0.9901049787698083,1.2446811600020737
Poplar,RGB1,76_WT717+Na_R4_I APPL 373,2023-11-08 18:53:46,4,0,0,2023-11-8_RgbImage_2023-11-08_18-53-45.png,Poplar_76_WT717+Na_R4_I APPL 373,0.986036094056696,2.786039876002178
Poplar,RGB2,76_WT717+Na_R4_I APPL 373,2023-11-08 18:53:21,4,0,0,2023-11-8_RgbImage_2023-11-08_18-53-21.png,Poplar_76_WT717+Na_R4_I APPL 373,0.9944592401996992,1.2451771579981141
Poplar,RGB1,86_CHX20-KO54+Na_R2_I APPL 233,2023-11-15 19:13:30,4,0,0,2023-11-15_RgbImage_2023-11-15_19-13-30.png,Poplar_86_CHX20-KO54+Na_R2_I APPL 233,0.9865094131574846,2.8079813559998
Poplar,RGB2,86_CHX20-KO54+Na_R2_I APPL 233,2023-11-15 19:13:06,4,0,0,2023-11-15_RgbImage_2023-11-15_19-13-05.png,Poplar_86_CHX20-KO54+Na_R2_I APPL 233,0.9847730346886627,1.2591101480029465
Poplar,RGB1,BESC-418,2024-04-28 10:54:35,4,0,0,2024-04-28_RgbImage_2024-04-28_10-54-35.png,Poplar_BESC-418,0.9803462211265178,2.816515710997919
Poplar,RGB2,BESC-418,2024-04-28 10:54:07,4,0,0,2024-04-28_RgbImage_2024-04-28_10-54-06.png,Poplar_BESC-418,0.9888673747098515,1.2539320289979514
Poplar,RGB1,85_CHX20-KO54+Na_R1_I APPL 375,2023-11-10 18:33:30,4,0,1,2023-11-10_RgbImage_2023-11-10_18-33-30.png,Poplar_85_CHX20-KO54+Na_R1_I APPL 375,0.9890216792690247,2.8268424150010105
Poplar,RGB2,85_CHX20-KO54+Na_R1_I APPL 375,2023-11-10 18:33:06,4,0,1,2023-11-10_RgbImage_2023-11-10_18-33-05.png,Poplar_85_CHX20-KO54+Na_R1_I APPL 375,0.9903080492345437,1.2857610939972801
Poplar,RGB1,88_CHX20-KO54+Na_R4_I APPL 45,2023-11-08 17:33:47,4,0,1,2023-11-8_RgbImage_2023-11-08_17-33-47.png,Poplar_88_CHX20-KO54+Na_R4_I APPL 45,0.9897714418515534,2.8448116059989843
Poplar,RGB2,88_CHX20-KO54+Na_R4_I APPL 45,2023-11-08 17:33:18,4,0,1,2023-11-8_RgbImage_2023-11-08_17-33-18.png,Poplar_88_CHX20-KO54+Na_R4_I APPL 45,0.9899688254089727,1.2518069210018439
Poplar,RGB1,18_GW-9588+Na_R6_I APPL 92,2023-11-06 15:40:44,4,0,2,2023-11-6_RgbImage_2023-11-06_15-40-43.png,Poplar_18_GW-9588+Na_R6_I APPL 92,0.9837965244098984,2.865579418998095
Poplar,RGB2,18_GW-9588+Na_R6_I APPL 92,2023-11-06 15:40:19,4,0,2,2023-11-6_RgbImage_2023-11-06_15-40-19.png,Poplar_18_GW-9588+Na_R6_I APPL 92,0.9909286288725667,1.258333550998941
Poplar,RGB1,45_BESC-4+K_R3_IV APPL 113,2023-11-08 19:07:07,4,0,2,2023-11-8_RgbImage_2023-11-08_19-07-06.png,Poplar_45_BESC-4+K_R3_IV APPL 113,0.9812725306856683,2.7608866910013603
Poplar,RGB2,45_BESC-4+K_R3_IV APPL 113,2023-11-08 19:06:42,4,0,2,2023-11-8_RgbImage_2023-11-08_19-06-42.png,Poplar_45_BESC-4+K_R3_IV APPL 113,0.9880361141894335,1.271193051001319
Poplar,RGB1,46_BESC-4+K_R4_IV APPL 114,2023-11-01 21:04:31,4,0,2,2023-11-1_RgbImage_2023-11-01_21-04-31.png,Poplar_46_BESC-4+K_R4_IV APPL 114,0.9847262701119512,2.8122602450021077
Poplar,RGB2,46_BESC-4+K_R4_IV APPL 114,2023-11-01 21:04:07,4,0,2,2023-11-1_RgbImage_2023-11-01_21-04-06.png,Poplar_46_BESC-4+K_R4_IV APPL 114,0.9889765013325358,1.263430115999654
Poplar,RGB1,18_GW-9588+Na_R6_I APPL 92,2023-10-27 16:01:33,4,0,3,2023-10-27_RgbImage_2023-10-27_16-01-32.png,Poplar_18_GW-9588+Na_R6_I APPL 92,0.9810462939483381,2.7293688249992556
Poplar,RGB2,18_GW-9588+Na_R6_I APPL 92,2023-10-27 16:01:05,4,0,3,2023-10-27_RgbImage_2023-10-27_16-01-04.png,Poplar_18_GW-9588+Na_R6_I APPL 92,0.9919864019035755,1.2491827599988028
Poplar,RGB1,46_BESC-4+K_R4_IV APPL 114,2023-11-06 20:47:58,4,0,3,2023-11-6_RgbImage_2023-11-06_20-47-58.png,Poplar_46_BESC-4+K_R4_IV APPL 114,0.9736011152488798,2.7922914640003
Poplar,RGB2,46_BESC-4+K_R4_IV APPL 114,2023-11-06 20:47:33,4,0,3,2023-11-6_RgbImage_2023-11-06_20-47-33.png,Poplar_46_BESC-4+K_R4_IV APPL 114,0.9884212241535617,1.240849124998931
Poplar,RGB1,6_GW-9588-C_R6_I APPL 217,2023-11-01 19:37:24,4,0,3,2023-11-1_RgbImage_2023-11-01_19-37-24.png,Poplar_6_GW-9588-C_R6_I APPL 217,0.9879375021350594,2.8112769270010176
Poplar,RGB2,6_GW-9588-C_R6_I APPL 217,2023-11-01 19:36:58,4,0,3,2023-11-1_RgbImage_2023-11-01_19-36-58.png,Poplar_6_GW-9588-C_R6_I APPL 217,0.9873014781067033,1.2878765630011912
Poplar,RGB1,9_GW-9588+K_R3_IV APPL 102,2023-11-03 14:49:20,4,0,3,2023-11-3_RgbImage_2023-11-03_14-49-19.png,Poplar_9_GW-9588+K_R3_IV APPL 102,0.9814753466213313,2.77380473300218
Poplar,RGB2,9_GW-9588+K_R3_IV APPL 102,2023-11-03 14:48:55,4,0,3,2023-11-3_RgbImage_2023-11-03_14-48-55.png,Poplar_9_GW-9588+K_R3_IV APPL 102,0.986458484526019,1.2296236519978265
Poplar,RGB1,40_BESC-4-C_R4_I APPL 369,2023-10-25 17:31:44,4,0,4,2023-10-25_RgbImage_2023-10-25_17-31-43.png,Poplar_40_BESC-4-C_R4_I APPL 369,0.9800938928561486,2.7685657089969027
Poplar,RGB2,40_BESC-4-C_R4_I APPL 369,2023-10-25 17:31:16,4,0,4,2023-10-25_RgbImage_2023-10-25_17-31-16.png,Poplar_40_BESC-4-C_R4_I APPL 369,0.9895268559921536,1.2202197039987368
Poplar,RGB1,63_YALE-27-3+K_R3_IV APPL 119,2023-11-01 14:02:44,4,0,4,2023-11-1_RgbImage_2023-11-01_14-02-43.png,Poplar_63_YALE-27-3+K_R3_IV APPL 119,0.9813801507792281,2.747801312001684
Poplar,RGB2,63_YALE-27-3+K_R3_IV APPL 119,2023-11-01 14:02:19,4,0,4,2023-11-1_RgbImage_2023-11-01_14-02-19.png,Poplar_63_YALE-27-3+K_R3_IV APPL 119,0.9897123000603251,1.2339291220014275
Poplar,RGB1,9_GW-9588+K_R3_IV APPL 102,2023-11-01 14:49:27,4,0,4,2023-11-1_RgbImage_2023-11-01_14-49-27.png,Poplar_9_GW-9588+K_R3_IV APPL 102,0.9792059901679516,2.772301871998934
Poplar,RGB2,9_GW-9588+K_R3_IV APPL 102,2023-11-01 14:49:03,4,0,4,2023-11-1_RgbImage_2023-11-01_14-49-02.png,Poplar_9_GW-9588+K_R3_IV APPL 102,0.9887227693340875,1.2369741590009653
Poplar,RGB1,80_CHX20-OE61+Na_R4_I APPL 497,2023-11-03 12:41:58,4,1,0,2023-11-3_RgbImage_2023-11-03_12-41-57.png,Poplar_80_CHX20-OE61+Na_R4_I APPL 497,0.9872360635396716,2.7811301719993935
Poplar,RGB2,80_CHX20-OE61+Na_R4_I APPL 497,2023-11-03 12:41:33,4,1,0,2023-11-3_RgbImage_2023-11-03_12-41-33.png,Poplar_80_CHX20-OE61+Na_R4_I APPL 497,0.9959704318511218,1.230350947000261
Poplar,RGB1,85_CHX20-KO54+Na_R1_I APPL 375,2023-10-23 13:30:25,4,1,0,2023-10-23_RgbImage_2023-10-23_13-30-24.png,Poplar_85_CHX20-KO54+Na_R1_I APPL 375,0.9890089926423862,2.743427512999915
Poplar,RGB2,85_CHX20-KO54+Na_R1_I APPL 375,2023-10-23 13:29:55,4,1,0,2023-10-23_RgbImage_2023-10-23_13-29-55.png,Poplar_85_CHX20-KO54+Na_R1_I APPL 375,0.9963491068324495,1.2611668370009284
Poplar,RGB1,BESC-336,2024-04-29 07:51:00,4,1,0,2024-04-29_RgbImage_2024-04-29_07-50-59.png,Poplar_BESC-336,0.9865400048707766,2.735564148002595
Poplar,RGB2,BESC-336,2024-04-29 07:50:31,4,1,0,2024-04-29_RgbImage_2024-04-29_07-50-30.png,Poplar_BESC-336,0.9901202966218127,1.2172864579988527
Poplar,RGB1,22_GW-9914-C_R4_I APPL 197,2023-10-24 01:00:30,4,1,1,2023-10-24_RgbImage_2023-10-24_01-00-29.png,Poplar_22_GW-9914-C_R4_I APPL 197,0.9748958187869273,2.7771029280011135
Poplar,RGB2,22_GW-9914-C_R4_I APPL 197,2023-10-24 01:00:01,4,1,1,2023-10-24_RgbImage_2023-10-24_01-00-00.png,Poplar_22_GW-9914-C_R4_I APPL 197,0.9918013362392057,1.2358782670016808
Poplar,RGB1,55_YALE-27-3-C_R1_I APPL 489,2023-11-17 13:53:19,4,1,1,2023-11-17_RgbImage_2023-11-17_13-53-19.png,Poplar_55_YALE-27-3-C_R1_I APPL 489,0.9831972754133297,2.7761468009994132
Poplar,RGB2,55_YALE-27-3-C_R1_I APPL 489,2023-11-17 13:52:55,4,1,1,2023-11-17_RgbImage_2023-11-17_13-52-54.png,Poplar_55_YALE-27-3-C_R1_I APPL 489,0.9944362973495761,1.2217000519995054
Poplar,RGB1,57_YALE-27-3-C_R3_I APPL 196,2023-11-01 14:29:25,4,1,1,2023-11-1_RgbImage_2023-11-01_14-29-24.png,Poplar_57_YALE-27-3-C_R3_I APPL 196,0.9839315755804732,2.7003209569993487
Poplar,RGB2,57_YALE-27-3-C_R3_I APPL 196,2023-11-01 14:28:58,4,1,1,2023-11-1_RgbImage_2023-11-01_14-28-58.png,Poplar_57_YALE-27-3-C_R3_I APPL 196,0.9924661013168268,1.2553195220025373
Poplar,RGB1,BESC-400,2024-04-24 09:38:11,4,1,1,2024-04-24_RgbImage_2024-04-24_09-38-11.png,Poplar_BESC-400,0.98683883405373,2.7690074630008894
Poplar,RGB2,BESC-400,2024-04-24 09:37:46,4,1,1,2024-04-24_RgbImage_2024-04-24_09-37-46.png,Poplar_BESC-400,0.9888461187419739,1.2371009579983365
Poplar,RGB1,22_GW-9914-C_R4_I APPL 197,2023-11-01 20:44:15,4,1,2,2023-11-1_RgbImage_2023-11-01_20-44-15.png,Poplar_22_GW-9914-C_R4_I APPL 197,0.9828137253434311,2.810707831002219
Poplar,RGB2,22_GW-9914-C_R4_I APPL 197,2023-11-01 20:43:49,4,1,2,2023-11-1_RgbImage_2023-11-01_20-43-49.png,Poplar_22_GW-9914-C_R4_I APPL 197,0.9885164839062919,1.2330726929976663
Poplar,RGB1,419_BESC-847_8,2024-06-14 08:50:23,4,1,2,2024-06-14_RgbImage_2024-06-14_08-50-22.png,Poplar_419_BESC-847_8,0.9820437304710116,2.736626174002595
Poplar,RGB2,419_BESC-847_8,2024-06-14 08:49:53,4,1,2,2024-06-14_RgbImage_2024-06-14_08-49-53.png,Poplar_419_BESC-847_8,0.9942493782792361,1.2265093149981112
Poplar,RGB1,41_BESC-4-C_R5_I APPL 219,2023-11-18 11:33:42,4,1,2,2023-11-18_RgbImage_2023-11-18_11-33-41.png,Poplar_41_BESC-4-C_R5_I APPL 219,0.9872764098738588,2.7392534610007715
Poplar,RGB2,41_BESC-4-C_R5_I APPL 219,2023-11-18 11:33:18,4,1,2,2023-11-18_RgbImage_2023-11-18_11-33-17.png,Poplar_41_BESC-4-C_R5_I APPL 219,0.9881319512669273,1.2475542009997298
Poplar,RGB1,16_GW-9588+Na_R4_I APPL 49,2023-11-03 18:10:24,4,1,3,2023-11-3_RgbImage_2023-11-03_18-10-23.png,Poplar_16_GW-9588+Na_R4_I APPL 49,0.9807745508856653,2.7656285150005715
Poplar,RGB2,16_GW-9588+Na_R4_I APPL 49,2023-11-03 18:09:56,4,1,3,2023-11-3_RgbImage_2023-11-03_18-09-55.png,Poplar_16_GW-9588+Na_R4_I APPL 49,0.9928917657207997,1.224009379002382
Poplar,RGB1,34_GW-9914+Na_R4_I APPL 323,2023-11-01 14:56:05,4,1,3,2023-11-1_RgbImage_2023-11-01_14-56-05.png,Poplar_34_GW-9914+Na_R4_I APPL 323,0.976985388750098,2.7164353630032565
Poplar,RGB2,34_GW-9914+Na_R4_I APPL 323,2023-11-01 14:55:41,4,1,3,2023-11-1_RgbImage_2023-11-01_14-55-41.png,Poplar_34_GW-9914+Na_R4_I APPL 323,0.9875206652781182,1.240212470998813
Poplar,RGB1,6_GW-9588-C_R6_I APPL 217,2023-11-03 19:37:10,4,1,3,2023-11-3_RgbImage_2023-11-03_19-37-10.png,Poplar_6_GW-9588-C_R6_I APPL 217,0.9873126299479744,2.81460123099896
Poplar,RGB2,6_GW-9588-C_R6_I APPL 217,2023-11-03 19:36:44,4,1,3,2023-11-3_RgbImage_2023-11-03_19-36-44.png,Poplar_6_GW-9588-C_R6_I APPL 217,0.9846439735327954,1.2493405579989485
Poplar,RGB1,11_GW-9588+K_R5_IV APPL 104,2023-11-03 18:37:02,4,1,4,2023-11-3_RgbImage_2023-11-03_18-37-02.png,Poplar_11_GW-9588+K_R5_IV APPL 104,0.9842815199439825,2.842865435999556
Poplar,RGB2,11_GW-9588+K_R5_IV APPL 104,2023-11-03 18:36:36,4,1,4,2023-11-3_RgbImage_2023-11-03_18-36-36.png,Poplar_11_GW-9588+K_R5_IV APPL 104,0.9887688816196384,1.2485985849998542
Poplar,RGB1,49_BESC-4+Na_R1_I APPL 518,2023-10-27 15:21:13,4,1,4,2023-10-27_RgbImage_2023-10-27_15-21-13.png,Poplar_49_BESC-4+Na_R1_I APPL 518,0.9814361843091508,2.7884763200017915
Poplar,RGB2,49_BESC-4+Na_R1_I APPL 518,2023-10-27 15:20:44,4,1,4,2023-10-27_RgbImage_2023-10-27_15-20-44.png,Poplar_49_BESC-4+Na_R1_I APPL 518,0.9931174846723955,1.2267415739988792
Poplar,RGB1,449_HARA-26-2_3,2024-06-24 07:14:07,4,2,0,2024-06-24_RgbImage_2024-06-24_07-14-07.png,Poplar_449_HARA-26-2_3,0.9837815607212151,2.8264356949985086
Poplar,RGB2,449_HARA-26-2_3,2024-06-24 07:13:51,4,2,0,2024-06-24_RgbImage_2024-06-24_07-13-50.png,Poplar_449_HARA-26-2_3,0.984104931579901,1.2576999819975754
Poplar,RGB1,89_CHX20-KO107+Na_R1_I APPL 383,2023-10-23 13:03:15,4,2,0,2023-10-23_RgbImage_2023-10-23_13-03-14.png,Poplar_89_CHX20-KO107+Na_R1_I APPL 383,0.987033995984215,2.807018996001716
Poplar,RGB2,89_CHX20-KO107+Na_R1_I APPL 383,2023-10-23 13:02:48,4,2,0,2023-10-23_RgbImage_2023-10-23_13-02-48.png,Poplar_89_CHX20-KO107+Na_R1_I APPL 383,0.9941111963090463,1.2528015909992973
Poplar,RGB1,BESC-1019,2024-04-17 17:37:21,4,2,0,2024-04-17_RgbImage_2024-04-17_17-37-20.png,Poplar_BESC-1019,0.9868412575699056,2.7961844919991563
Poplar,RGB2,BESC-1019,2024-04-17 17:36:53,4,2,0,2024-04-17_RgbImage_2024-04-17_17-36-52.png,Poplar_BESC-1019,0.9907377485674286,1.2666988950004452
Poplar,RGB1,GW-7059,2024-04-24 08:20:34,4,2,0,2024-04-24_RgbImage_2024-04-24_08-20-33.png,Poplar_GW-7059,0.9790797848990462,2.802494270999887
Poplar,RGB2,GW-7059,2024-04-24 08:20:06,4,2,0,2024-04-24_RgbImage_2024-04-24_08-20-05.png,Poplar_GW-7059,0.9946081860598847,1.227624241997546
Poplar,RGB1,57_YALE-27-3-C_R3_I APPL 196,2023-11-17 14:13:17,4,2,1,2023-11-17_RgbImage_2023-11-17_14-13-16.png,Poplar_57_YALE-27-3-C_R3_I APPL 196,0.9817920536100587,2.7250957950018346
Poplar,RGB2,57_YALE-27-3-C_R3_I APPL 196,2023-11-17 14:12:53,4,2,1,2023-11-17_RgbImage_2023-11-17_14-12-52.png,Poplar_57_YALE-27-3-C_R3_I APPL 196,0.9899175262865851,1.2479752959989128
Poplar,RGB1,BESC-371,2024-05-07 12:25:25,4,2,1,2024-05-7_RgbImage_2024-05-07_12-25-25.png,Poplar_BESC-371,0.9872202768795351,2.8156452039984288
Poplar,RGB2,BESC-371,2024-05-07 12:24:56,4,2,1,2024-05-7_RgbImage_2024-05-07_12-24-56.png,Poplar_BESC-371,0.9850086775265632,1.2496330510002736
Poplar,RGB1,50_BESC-4+Na_R2_I APPL 172,2023-11-03 21:17:29,4,2,2,2023-11-3_RgbImage_2023-11-03_21-17-28.png,Poplar_50_BESC-4+Na_R2_I APPL 172,0.9828571382858613,2.751376940999762
Poplar,RGB2,50_BESC-4+Na_R2_I APPL 172,2023-11-03 21:17:04,4,2,2,2023-11-3_RgbImage_2023-11-03_21-17-03.png,Poplar_50_BESC-4+Na_R2_I APPL 172,0.9875233686354652,1.2675953489997482
Poplar,RGB1,31_GW-9914+Na_R1_I APPL 225,2023-10-27 19:23:41,4,2,3,2023-10-27_RgbImage_2023-10-27_19-23-40.png,Poplar_31_GW-9914+Na_R1_I APPL 225,0.9813425762950564,2.835166000000754
Poplar,RGB2,31_GW-9914+Na_R1_I APPL 225,2023-10-27 19:23:14,4,2,3,2023-10-27_RgbImage_2023-10-27_19-23-14.png,Poplar_31_GW-9914+Na_R1_I APPL 225,0.9888082007093713,1.2265235300001223
Poplar,RGB1,33_GW-9914+Na_R3_I APPL 228,2023-11-01 16:16:27,4,2,3,2023-11-1_RgbImage_2023-11-01_16-16-26.png,Poplar_33_GW-9914+Na_R3_I APPL 228,0.9859232493351661,2.709918471002311
Poplar,RGB2,33_GW-9914+Na_R3_I APPL 228,2023-11-01 16:16:02,4,2,3,2023-11-1_RgbImage_2023-11-01_16-16-01.png,Poplar_33_GW-9914+Na_R3_I APPL 228,0.9866348593348226,1.225490337001247
Poplar,RGB1,34_GW-9914+Na_R4_I APPL 323,2023-10-20 15:29:01,4,2,3,2023-10-20_RgbImage_2023-10-20_15-29-01.png,Poplar_34_GW-9914+Na_R4_I APPL 323,0.9830254848547094,2.7962294680000923
Poplar,RGB2,34_GW-9914+Na_R4_I APPL 323,2023-10-20 15:28:34,4,2,3,2023-10-20_RgbImage_2023-10-20_15-28-34.png,Poplar_34_GW-9914+Na_R4_I APPL 323,0.9883258720900814,1.24066530699929
Poplar,RGB1,3_GW-9588-C_R3_I APPL 412,2023-10-25 13:21:51,4,2,4,2023-10-25_RgbImage_2023-10-25_13-21-50.png,Poplar_3_GW-9588-C_R3_I APPL 412,0.9832053919225721,2.7554297130009218
Poplar,RGB2,3_GW-9588-C_R3_I APPL 412,2023-10-25 13:21:20,4,2,4,2023-10-25_RgbImage_2023-10-25_13-21-19.png,Poplar_3_GW-9588-C_R3_I APPL 412,0.9887221927116188,1.2250256590014033
Poplar,RGB1,51_BESC-4+Na_R3_I APPL 391,2023-10-18 19:13:03,4,2,4,2023-10-18_RgbImage_2023-10-18_19-13-02.png,Poplar_51_BESC-4+Na_R3_I APPL 391,0.9850296953943811,2.741428793000523
Poplar,RGB2,51_BESC-4+Na_R3_I APPL 391,2023-10-18 19:12:33,4,2,4,2023-10-18_RgbImage_2023-10-18_19-12-33.png,Poplar_51_BESC-4+Na_R3_I APPL 391,0.9923258364308959,1.2400421489983273
Poplar,RGB1,343_BESC-1009_5,2024-06-17 10:12:05,4,3,0,2024-06-17_RgbImage_2024-06-17_10-12-04.png,Poplar_343_BESC-1009_5,0.984595005874059,2.7641118469982757
Poplar,RGB2,343_BESC-1009_5,2024-06-17 10:11:34,4,3,0,2024-06-17_RgbImage_2024-06-17_10-11-34.png,Poplar_343_BESC-1009_5,0.994891829327742,1.2111146219976945
Poplar,RGB1,BESC-1019,2024-04-28 06:48:46,4,3,0,2024-04-28_RgbImage_2024-04-28_06-48-45.png,Poplar_BESC-1019,0.9836799174214028,2.7129102669969143
Poplar,RGB2,BESC-1019,2024-04-28 06:48:15,4,3,0,2024-04-28_RgbImage_2024-04-28_06-48-15.png,Poplar_BESC-1019,0.9901841442139985,1.244176239000808
Poplar,RGB1,BESC-132,2024-04-22 13:47:08,4,3,0,2024-04-22_RgbImage_2024-04-22_13-47-08.png,Poplar_BESC-132,0.9840207316463959,2.781351473000541
Poplar,RGB2,BESC-132,2024-04-22 13:46:38,4,3,0,2024-04-22_RgbImage_2024-04-22_13-46-38.png,Poplar_BESC-132,0.9933982520207444,1.2418455330007419
Poplar,RGB1,DENC-17-3,2024-04-23 10:19:59,4,3,0,2024-04-23_RgbImage_2024-04-23_10-19-58.png,Poplar_DENC-17-3,0.9855852798283989,2.700332337000873
Poplar,RGB2,DENC-17-3,2024-04-23 10:19:28,4,3,0,2024-04-23_RgbImage_2024-04-23_10-19-28.png,Poplar_DENC-17-3,0.9926050408228455,1.2237400430021808
Poplar,RGB1,328_BESC-856_3,2024-06-30 12:14:13,4,3,1,2024-06-30_RgbImage_2024-06-30_12-14-12.png,Poplar_328_BESC-856_3,0.9861154725677828,2.7580715989970486
Poplar,RGB2,328_BESC-856_3,2024-06-30 12:13:48,4,3,1,2024-06-30_RgbImage_2024-06-30_12-13-48.png,Poplar_328_BESC-856_3,0.9917203259363719,1.2256648820002738
Poplar,RGB1,48_GW-9919_6,2024-06-23 16:10:15,4,3,1,2024-06-23_RgbImage_2024-06-23_16-10-14.png,Poplar_48_GW-9919_6,0.9805469310393676,2.7973219560008147
Poplar,RGB2,48_GW-9919_6,2024-06-23 16:09:56,4,3,1,2024-06-23_RgbImage_2024-06-23_16-09-55.png,Poplar_48_GW-9919_6,0.99356411160567,1.2347356999998738
Poplar,RGB1,22_GW-9914-C_R4_I APPL 197,2023-11-13 21:01:19,4,3,2,2023-11-13_RgbImage_2023-11-13_21-01-18.png,Poplar_22_GW-9914-C_R4_I APPL 197,0.9812832278381903,2.7357987799987313
Poplar,RGB2,22_GW-9914-C_R4_I APPL 197,2023-11-13 21:00:54,4,3,2,2023-11-13_RgbImage_2023-11-13_21-00-54.png,Poplar_22_GW-9914-C_R4_I APPL 197,0.9816030915224355,1.2239729319990147
Poplar,RGB1,23_GW-9914-C_R5_I APPL 235,2023-11-03 16:22:55,4,3,2,2023-11-3_RgbImage_2023-11-03_16-22-55.png,Poplar_23_GW-9914-C_R5_I APPL 235,0.9793794089065425,2.791145127001073
Poplar,RGB2,23_GW-9914-C_R5_I APPL 235,2023-11-03 16:22:29,4,3,2,2023-11-3_RgbImage_2023-11-03_16-22-28.png,Poplar_23_GW-9914-C_R5_I APPL 235,0.9884964476323264,1.259083130997169
Poplar,RGB1,59_YALE-27-3-C_R5_I APPL 234,2023-11-10 16:53:35,4,3,2,2023-11-10_RgbImage_2023-11-10_16-53-34.png,Poplar_59_YALE-27-3-C_R5_I APPL 234,0.9724691226814138,2.8216019790015707
Poplar,RGB2,59_YALE-27-3-C_R5_I APPL 234,2023-11-10 16:53:10,4,3,2,2023-11-10_RgbImage_2023-11-10_16-53-10.png,Poplar_59_YALE-27-3-C_R5_I APPL 234,0.9719218446432017,1.255764759000158
Poplar,RGB1,23_GW-9914-C_R5_I APPL 235,2023-11-10 16:07:00,4,3,3,2023-11-10_RgbImage_2023-11-10_16-06-59.png,Poplar_23_GW-9914-C_R5_I APPL 235,0.9798128216775522,2.8450784829983604
Poplar,RGB2,23_GW-9914-C_R5_I APPL 235,2023-11-10 16:06:34,4,3,3,2023-11-10_RgbImage_2023-11-10_16-06-34.png,Poplar_23_GW-9914-C_R5_I APPL 235,0.9875084666810419,1.2864735559996916
Poplar,RGB1,31_GW-9914+Na_R1_I APPL 225,2023-11-06 19:01:03,4,3,3,2023-11-6_RgbImage_2023-11-06_19-01-03.png,Poplar_31_GW-9914+Na_R1_I APPL 225,0.9820699499002373,2.8374071399994136
Poplar,RGB2,31_GW-9914+Na_R1_I APPL 225,2023-11-06 19:00:39,4,3,3,2023-11-6_RgbImage_2023-11-06_19-00-39.png,Poplar_31_GW-9914+Na_R1_I APPL 225,0.9873611475748214,1.2528515699996206
Poplar,RGB1,6_GW-9588-C_R6_I APPL 217,2023-11-15 19:20:08,4,3,3,2023-11-15_RgbImage_2023-11-15_19-20-08.png,Poplar_6_GW-9588-C_R6_I APPL 217,0.9864239665107414,2.7877512400009437
Poplar,RGB2,6_GW-9588-C_R6_I APPL 217,2023-11-15 19:19:44,4,3,3,2023-11-15_RgbImage_2023-11-15_19-19-44.png,Poplar_6_GW-9588-C_R6_I APPL 217,0.9875283147138322,1.2638297749981575
Poplar,RGB1,71_YALE-27-3+Na_R5_I APPL 485,2023-11-08 12:33:28,4,3,3,2023-11-8_RgbImage_2023-11-08_12-33-27.png,Poplar_71_YALE-27-3+Na_R5_I APPL 485,0.9883798040574242,2.7360581389984873
Poplar,RGB2,71_YALE-27-3+Na_R5_I APPL 485,2023-11-08 12:33:04,4,3,3,2023-11-8_RgbImage_2023-11-08_12-33-03.png,Poplar_71_YALE-27-3+Na_R5_I APPL 485,0.9920264518999046,1.2600577349985542
Poplar,RGB1,31_GW-9914+Na_R1_I APPL 225,2023-10-20 19:55:09,4,3,4,2023-10-20_RgbImage_2023-10-20_19-55-08.png,Poplar_31_GW-9914+Na_R1_I APPL 225,0.9840353790232552,2.740638871000556
Poplar,RGB2,31_GW-9914+Na_R1_I APPL 225,2023-10-20 19:54:40,4,3,4,2023-10-20_RgbImage_2023-10-20_19-54-39.png,Poplar_31_GW-9914+Na_R1_I APPL 225,0.9870017468026163,1.2273772280022968
Poplar,RGB1,3_GW-9588-C_R3_I APPL 412,2023-10-23 17:47:24,4,3,4,2023-10-23_RgbImage_2023-10-23_17-47-24.png,Poplar_3_GW-9588-C_R3_I APPL 412,0.9797832348965269,2.7703097849989717
Poplar,RGB2,3_GW-9588-C_R3_I APPL 412,2023-10-23 17:46:53,4,3,4,2023-10-23_RgbImage_2023-10-23_17-46-52.png,Poplar_3_GW-9588-C_R3_I APPL 412,0.9852280105116786,1.2596323399993707
Poplar,RGB1,52_BESC-4+Na_R4_I APPL 347,2023-11-13 12:40:49,4,3,4,2023-11-13_RgbImage_2023-11-13_12-40-49.png,Poplar_52_BESC-4+Na_R4_I APPL 347,0.9876543869842359,2.816260958003113
Poplar,RGB2,52_BESC-4+Na_R4_I APPL 347,2023-11-13 12:40:24,4,3,4,2023-11-13_RgbImage_2023-11-13_12-40-24.png,Poplar_52_BESC-4+Na_R4_I APPL 347,0.9910535226778125,1.2518479520003893
Poplar,RGB1,64_YALE-27-3+K_R4_IV APPL 120,2023-10-20 18:33:15,4,3,4,2023-10-20_RgbImage_2023-10-20_18-33-14.png,Poplar_64_YALE-27-3+K_R4_IV APPL 120,0.986443073271395,2.756907406997925
Poplar,RGB2,64_YALE-27-3+K_R4_IV APPL 120,2023-10-20 18:32:46,4,3,4,2023-10-20_RgbImage_2023-10-20_18-32-45.png,Poplar_64_YALE-27-3+K_R4_IV APPL 120,0.9927358533839912,1.232596175999788
Poplar,RGB1,BESC-1226,2024-05-05 08:33:56,4,4,0,2024-05-5_RgbImage_2024-05-05_08-33-56.png,Poplar_BESC-1226,0.9678720231176892,2.7381983149971347
Poplar,RGB2,BESC-1226,2024-05-05 08:33:26,4,4,0,2024-05-5_RgbImage_2024-05-05_08-33-25.png,Poplar_BESC-1226,0.9910739068065074,1.2296647030016175
Poplar,RGB1,NHTA-27-5,2024-04-28 09:32:08,4,4,0,2024-04-28_RgbImage_2024-04-28_09-32-07.png,Poplar_NHTA-27-5,0.9757920214484834,2.7642252810001082
Poplar,RGB2,NHTA-27-5,2024-04-28 09:31:40,4,4,0,2024-04-28_RgbImage_2024-04-28_09-31-39.png,Poplar_NHTA-27-5,0.9950728377334329,1.2602605169995513
Poplar,RGB1,231_BESC-97_1,2024-06-30 13:27:40,4,4,1,2024-06-30_RgbImage_2024-06-30_13-27-39.png,Poplar_231_BESC-97_1,0.986275205119052,2.7811834720014303
Poplar,RGB2,231_BESC-97_1,2024-06-30 13:27:16,4,4,1,2024-06-30_RgbImage_2024-06-30_13-27-15.png,Poplar_231_BESC-97_1,0.9917704884254196,1.2452689440033282
Poplar,RGB1,BESC-1219,2024-05-07 07:58:56,4,4,1,2024-05-7_RgbImage_2024-05-07_07-58-56.png,Poplar_BESC-1219,0.9810054720697929,2.7937009779998334
Poplar,RGB2,BESC-1219,2024-05-07 07:58:23,4,4,1,2024-05-7_RgbImage_2024-05-07_07-58-22.png,Poplar_BESC-1219,0.9902813588369039,1.2636333740010741
Poplar,RGB1,BESC-239,2024-05-07 09:23:03,4,4,1,2024-05-7_RgbImage_2024-05-07_09-23-02.png,Poplar_BESC-239,0.9779960666091574,2.778788423998776
Poplar,RGB2,BESC-239,2024-05-07 09:22:33,4,4,1,2024-05-7_RgbImage_2024-05-07_09-22-32.png,Poplar_BESC-239,0.9923287046424946,1.2216986719977285
Poplar,RGB1,346_BESC-1108_2,2024-06-17 10:32:25,4,4,2,2024-06-17_RgbImage_2024-06-17_10-32-24.png,Poplar_346_BESC-1108_2,0.9812823891834414,2.7835825479996856
Poplar,RGB2,346_BESC-1108_2,2024-06-17 10:31:52,4,4,2,2024-06-17_RgbImage_2024-06-17_10-31-51.png,Poplar_346_BESC-1108_2,0.9953662262211408,1.2640608420006174
Poplar,RGB1,450_BESC-1143_5,2024-06-26 07:28:22,4,4,2,2024-06-26_RgbImage_2024-06-26_07-28-22.png,Poplar_450_BESC-1143_5,0.984782155687979,2.817332634997001
Poplar,RGB2,450_BESC-1143_5,2024-06-26 07:27:55,4,4,2,2024-06-26_RgbImage_2024-06-26_07-27-54.png,Poplar_450_BESC-1143_5,0.9950925482632282,1.253106691998255
Poplar,RGB1,GW-7990,2024-04-28 11:28:55,4,4,2,2024-04-28_RgbImage_2024-04-28_11-28-55.png,Poplar_GW-7990,0.9889567345841476,2.8143614170003275
Poplar,RGB2,GW-7990,2024-04-28 11:28:27,4,4,2,2024-04-28_RgbImage_2024-04-28_11-28-26.png,Poplar_GW-7990,0.9951824859265413,1.2698174639990611
Poplar,RGB1,23_GW-9914-C_R5_I APPL 235,2023-11-13 16:41:27,4,4,3,2023-11-13_RgbImage_2023-11-13_16-41-26.png,Poplar_23_GW-9914-C_R5_I APPL 235,0.9678761351658158,2.7634511169999314
Poplar,RGB2,23_GW-9914-C_R5_I APPL 235,2023-11-13 16:41:01,4,4,3,2023-11-13_RgbImage_2023-11-13_16-41-01.png,Poplar_23_GW-9914-C_R5_I APPL 235,0.9788470402317874,1.2498373810012708
Poplar,RGB1,33_GW-9914+Na_R3_I APPL 228,2023-11-15 16:00:15,4,4,3,2023-11-15_RgbImage_2023-11-15_16-00-14.png,Poplar_33_GW-9914+Na_R3_I APPL 228,0.9839248268828162,2.8037103099995875
Poplar,RGB2,33_GW-9914+Na_R3_I APPL 228,2023-11-15 15:59:50,4,4,3,2023-11-15_RgbImage_2023-11-15_15-59-50.png,Poplar_33_GW-9914+Na_R3_I APPL 228,0.9881663653426153,1.2237557910011674
Poplar,RGB1,59_YALE-27-3-C_R5_I APPL 234,2023-11-06 16:54:12,4,4,3,2023-11-6_RgbImage_2023-11-06_16-54-11.png,Poplar_59_YALE-27-3-C_R5_I APPL 234,0.9827574921745953,2.7293322420009645
Poplar,RGB1,59_YALE-27-3-C_R5_I APPL 234,2023-11-08 16:53:43,4,4,3,2023-11-8_RgbImage_2023-11-08_16-53-43.png,Poplar_59_YALE-27-3-C_R5_I APPL 234,0.9808464032095291,2.7494794910016935
Poplar,RGB2,59_YALE-27-3-C_R5_I APPL 234,2023-11-06 16:53:46,4,4,3,2023-11-6_RgbImage_2023-11-06_16-53-46.png,Poplar_59_YALE-27-3-C_R5_I APPL 234,0.9745626034236167,1.2020377609987918
Poplar,RGB2,59_YALE-27-3-C_R5_I APPL 234,2023-11-08 16:53:18,4,4,3,2023-11-8_RgbImage_2023-11-08_16-53-18.png,Poplar_59_YALE-27-3-C_R5_I APPL 234,0.978617429731451,1.24574534400017
Poplar,RGB1,26_GW-9914+K_R2_IV APPL 107,2023-11-17 14:53:09,4,4,4,2023-11-17_RgbImage_2023-11-17_14-53-09.png,Poplar_26_GW-9914+K_R2_IV APPL 107,0.9811010203004271,2.794821634000982
Poplar,RGB2,26_GW-9914+K_R2_IV APPL 107,2023-11-17 14:52:45,4,4,4,2023-11-17_RgbImage_2023-11-17_14-52-45.png,Poplar_26_GW-9914+K_R2_IV APPL 107,0.9875035263643194,1.25312881300124
Poplar,RGB1,34_GW-9914+Na_R4_I APPL 323,2023-11-15 14:40:14,4,4,4,2023-11-15_RgbImage_2023-11-15_14-40-14.png,Poplar_34_GW-9914+Na_R4_I APPL 323,0.9809135084686238,2.7700337700007367
Poplar,RGB2,34_GW-9914+Na_R4_I APPL 323,2023-11-15 14:39:50,4,4,4,2023-11-15_RgbImage_2023-11-15_14-39-49.png,Poplar_34_GW-9914+Na_R4_I APPL 323,0.9892300818699455,1.2284884379987489
Poplar,RGB1,51_BESC-4+Na_R3_I APPL 391,2023-11-15 18:46:52,4,4,4,2023-11-15_RgbImage_2023-11-15_18-46-51.png,Poplar_51_BESC-4+Na_R3_I APPL 391,0.9889277040157658,2.7142601249979634
Poplar,RGB2,51_BESC-4+Na_R3_I APPL 391,2023-11-15 18:46:27,4,4,4,2023-11-15_RgbImage_2023-11-15_18-46-27.png,Poplar_51_BESC-4+Na_R3_I APPL 391,0.9926612553401007,1.2129072509997059
Switchgrass,RGB1,J020.B_WW_T3.12.2023_I APPL 399,2023-03-22 17:06:43,0,0,0,2023-03-22_RgbImage_2023-03-22_17-06-42.png,Switchgrass_J020.B_WW_T3.12.2023_I APPL 399,0.8744022561051865,2.752816880001774
Switchgrass,RGB2,J020.B_WW_T3.12.2023_I APPL 399,2023-03-22 17:05:59,0,0,0,2023-03-22_RgbImage_2023-03-22_17-05-59.png,Switchgrass_J020.B_WW_T3.12.2023_I APPL 399,0.9385337962027217,1.2553811510006199
Switchgrass,RGB1,J326.A_D_T3.12.2023_I APPL 497,2023-03-29 09:49:40,0,0,0,2023-03-29_RgbImage_2023-03-29_09-49-39.png,Switchgrass_J326.A_D_T3.12.2023_I APPL 497,0.9043232734700907,2.8121324029998505
Switchgrass,RGB2,J326.A_D_T3.12.2023_I APPL 497,2023-03-29 09:48:57,0,0,0,2023-03-29_RgbImage_2023-03-29_09-48-57.png,Switchgrass_J326.A_D_T3.12.2023_I APPL 497,0.9334038278537928,1.2342667519988026
Switchgrass,RGB1,J460.B_WW_T3.16.2023_I APPL 57,2023-03-26 12:07:33,0,0,0,2023-03-26_RgbImage_2023-03-26_12-07-33.png,Switchgrass_J460.B_WW_T3.16.2023_I APPL 57,0.8392085134819415,2.8121201989997644
Switchgrass,RGB2,J460.B_WW_T3.16.2023_I APPL 57,2023-03-26 12:06:49,0,0,0,2023-03-26_RgbImage_2023-03-26_12-06-49.png,Switchgrass_J460.B_WW_T3.16.2023_I APPL 57,0.861641839383839,1.263690741998289
Switchgrass,RGB1,AP13_WW_I APPL 133,2022-12-01 15:26:37,0,0,1,2022-12-1_RgbImage_2022-12-01_15-26-36.png,Switchgrass_AP13_WW_I APPL 133,0.7384237384484574,2.7674348569998983
Switchgrass,RGB2,AP13_WW_I APPL 133,2022-12-01 15:25:13,0,0,1,2022-12-1_RgbImage_2022-12-01_15-25-12.png,Switchgrass_AP13_WW_I APPL 133,0.7117429496403441,1.2475368910018005
Switchgrass,RGB1,J250.A_D_T3.13.2023_I APPL 303,2023-03-31 00:36:51,0,0,1,2023-03-31_RgbImage_2023-03-31_00-36-51.png,Switchgrass_J250.A_D_T3.13.2023_I APPL 303,0.9391510443251123,2.8078568179989816
Switchgrass,RGB2,J250.A_D_T3.13.2023_I APPL 303,2023-03-31 00:36:08,0,0,1,2023-03-31_RgbImage_2023-03-31_00-36-08.png,Switchgrass_J250.A_D_T3.13.2023_I APPL 303,0.9248899679612765,1.2471710690006148
Switchgrass,RGB1,J469.C_WW_T3.14.2023_I APPL 214,2023-03-24 16:45:05,0,0,1,2023-03-24_RgbImage_2023-03-24_16-45-05.png,Switchgrass_J469.C_WW_T3.14.2023_I APPL 214,0.8542917283967965,2.809987836997607
Switchgrass,RGB2,J469.C_WW_T3.14.2023_I APPL 214,2023-03-24 16:44:23,0,0,1,2023-03-24_RgbImage_2023-03-24_16-44-22.png,Switchgrass_J469.C_WW_T3.14.2023_I APPL 214,0.7859560886172786,1.2552908010002284
Switchgrass,RGB1,J458.B_WW_T3.14.2023_I APPL 252,2023-03-31 11:57:57,0,0,2,2023-03-31_RgbImage_2023-03-31_11-57-57.png,Switchgrass_J458.B_WW_T3.14.2023_I APPL 252,0.8764970924682676,2.7826138240016007
Switchgrass,RGB2,J458.B_WW_T3.14.2023_I APPL 252,2023-03-31 11:57:15,0,0,2,2023-03-31_RgbImage_2023-03-31_11-57-14.png,Switchgrass_J458.B_WW_T3.14.2023_I APPL 252,0.94167081808266,1.2667468579966226
Switchgrass,RGB1,J591.A_D_T3.14.2023_I APPL 229,2023-04-07 14:53:00,0,0,2,2023-04-7_RgbImage_2023-04-07_14-52-59.png,Switchgrass_J591.A_D_T3.14.2023_I APPL 229,0.9291749503011442,2.780505347000144
Switchgrass,RGB2,J591.A_D_T3.14.2023_I APPL 229,2023-04-07 14:52:17,0,0,2,2023-04-7_RgbImage_2023-04-07_14-52-16.png,Switchgrass_J591.A_D_T3.14.2023_I APPL 229,0.09801482238563682,1.2227493579994189
Switchgrass,RGB1,4.4(1)_WW_T3.14.2023_I APPL 235,2023-03-24 14:05:25,0,0,3,2023-03-24_RgbImage_2023-03-24_14-05-24.png,Switchgrass_4.4(1)_WW_T3.14.2023_I APPL 235,0.8209566132825451,2.84473211400109
Switchgrass,RGB2,4.4(1)_WW_T3.14.2023_I APPL 235,2023-03-24 14:04:41,0,0,3,2023-03-24_RgbImage_2023-03-24_14-04-40.png,Switchgrass_4.4(1)_WW_T3.14.2023_I APPL 235,0.8634843417521291,1.2538525219970325
Switchgrass,RGB1,J441.B_WW_T3.15.2023_I APPL 126,2023-03-25 15:44:09,0,0,3,2023-03-25_RgbImage_2023-03-25_15-44-08.png,Switchgrass_J441.B_WW_T3.15.2023_I APPL 126,0.9026225982935523,2.757981313003256
Switchgrass,RGB2,J441.B_WW_T3.15.2023_I APPL 126,2023-03-25 15:43:26,0,0,3,2023-03-25_RgbImage_2023-03-25_15-43-25.png,Switchgrass_J441.B_WW_T3.15.2023_I APPL 126,0.8202655706678681,1.2826217119982175
Switchgrass,RGB1,J482.B_WW_T3.15.2023_I APPL 160,2023-03-25 11:12:45,0,0,3,2023-03-25_RgbImage_2023-03-25_11-12-45.png,Switchgrass_J482.B_WW_T3.15.2023_I APPL 160,0.9341278719573589,2.7724529830011306
Switchgrass,RGB2,J482.B_WW_T3.15.2023_I APPL 160,2023-03-25 11:12:02,0,0,3,2023-03-25_RgbImage_2023-03-25_11-12-01.png,Switchgrass_J482.B_WW_T3.15.2023_I APPL 160,0.9217102974001329,1.2218119350000052
Switchgrass,RGB1,J585.A_D_T3.14.2023_I APPL 218,2023-03-24 16:11:30,0,0,3,2023-03-24_RgbImage_2023-03-24_16-11-30.png,Switchgrass_J585.A_D_T3.14.2023_I APPL 218,0.8944441415436878,2.8505921629985096
Switchgrass,RGB2,J585.A_D_T3.14.2023_I APPL 218,2023-03-24 16:10:49,0,0,3,2023-03-24_RgbImage_2023-03-24_16-10-48.png,Switchgrass_J585.A_D_T3.14.2023_I APPL 218,0.9587470570176228,1.2613632310021785
Switchgrass,RGB1,J340.A_D_T3.13.2023_I APPL 343,2023-04-06 12:43:07,0,0,4,2023-04-6_RgbImage_2023-04-06_12-43-06.png,Switchgrass_J340.A_D_T3.13.2023_I APPL 343,0.9289337749886621,2.813489747000858
Switchgrass,RGB2,J340.A_D_T3.13.2023_I APPL 343,2023-04-06 12:42:27,0,0,4,2023-04-6_RgbImage_2023-04-06_12-42-26.png,Switchgrass_J340.A_D_T3.13.2023_I APPL 343,0.9591330732560185,1.2305217219982296
Switchgrass,RGB1,J498.B_D_T3.14.2023_I APPL 257,2023-03-24 11:16:28,0,0,4,2023-03-24_RgbImage_2023-03-24_11-16-27.png,Switchgrass_J498.B_D_T3.14.2023_I APPL 257,0.9456523866382439,2.790754924000794
Switchgrass,RGB2,J498.B_D_T3.14.2023_I APPL 257,2023-03-24 11:15:46,0,0,4,2023-03-24_RgbImage_2023-03-24_11-15-45.png,Switchgrass_J498.B_D_T3.14.2023_I APPL 257,0.9108094662802736,1.268229932000395
Switchgrass,RGB1,J020.B_D_T3.12.2023_I APPL 403,2023-04-05 19:00:01,0,1,0,2023-04-5_RgbImage_2023-04-05_19-00-01.png,Switchgrass_J020.B_D_T3.12.2023_I APPL 403,0.926628940987048,2.781172568000329
Switchgrass,RGB2,J020.B_D_T3.12.2023_I APPL 403,2023-04-05 18:59:21,0,1,0,2023-04-5_RgbImage_2023-04-05_18-59-21.png,Switchgrass_J020.B_D_T3.12.2023_I APPL 403,0.907896637741788,1.2249500079997233
Switchgrass,RGB1,J065.A_WW_T3.13.2023_I APPL 305,2023-03-23 17:30:35,0,1,0,2023-03-23_RgbImage_2023-03-23_17-30-35.png,Switchgrass_J065.A_WW_T3.13.2023_I APPL 305,0.7977839335434671,2.7301024150001467
Switchgrass,RGB2,J065.A_WW_T3.13.2023_I APPL 305,2023-03-23 17:29:51,0,1,0,2023-03-23_RgbImage_2023-03-23_17-29-51.png,Switchgrass_J065.A_WW_T3.13.2023_I APPL 305,0.2421652423194617,1.2284115319998818
Switchgrass,RGB1,J306.C_D_T3.14.2023_I APPL 266,2023-04-15 10:15:47,0,1,0,2023-04-15_RgbImage_2023-04-15_10-15-47.png,Switchgrass_J306.C_D_T3.14.2023_I APPL 266,0.9373847182006025,2.7853479820005305
Switchgrass,RGB1,J306.C_D_T3.14.2023_I APPL 266,2023-04-29 10:15:29,0,1,0,2023-04-29_RgbImage_2023-04-29_10-15-29.png,Switchgrass_J306.C_D_T3.14.2023_I APPL 266,0.9300811502982962,2.746710603001702
Switchgrass,RGB2,J306.C_D_T3.14.2023_I APPL 266,2023-04-15 10:15:06,0,1,0,2023-04-15_RgbImage_2023-04-15_10-15-06.png,Switchgrass_J306.C_D_T3.14.2023_I APPL 266,0.8726537744899872,1.2593828859971836
Switchgrass,RGB2,J306.C_D_T3.14.2023_I APPL 266,2023-04-29 10:14:48,0,1,0,2023-04-29_RgbImage_2023-04-29_10-14-48.png,Switchgrass_J306.C_D_T3.14.2023_I APPL 266,0.8753408160328018,1.28625793700121
Switchgrass,RGB1,AP13_WW_I APPL 133,2023-02-09 15:12:39,0,1,1,2023-02-9_RgbImage_2023-02-09_15-12-38.png,Switchgrass_AP13_WW_I APPL 133,0.9503883079101261,2.8218306060007308
Switchgrass,RGB2,AP13_WW_I APPL 133,2023-02-09 15:10:40,0,1,1,2023-02-9_RgbImage_2023-02-09_15-10-39.png,Switchgrass_AP13_WW_I APPL 133,0.9686222337597458,1.2613820160004252
Switchgrass,RGB1,J297.A_D_T3.12.2023_I APPL 440,2023-03-22 11:56:31,0,1,1,2023-03-22_RgbImage_2023-03-22_11-56-31.png,Switchgrass_J297.A_D_T3.12.2023_I APPL 440,0.9364723231691529,2.8016573559980316
Switchgrass,RGB2,J297.A_D_T3.12.2023_I APPL 440,2023-03-22 11:55:50,0,1,1,2023-03-22_RgbImage_2023-03-22_11-55-50.png,Switchgrass_J297.A_D_T3.12.2023_I APPL 440,0.9292697712876354,1.2305836470004579
Switchgrass,RGB1,J484.A_D_T3.16.2023_I APPL 50,2023-03-26 13:06:30,0,1,1,2023-03-26_RgbImage_2023-03-26_13-06-30.png,Switchgrass_J484.A_D_T3.16.2023_I APPL 50,0.7851772288150943,2.721042054999998
Switchgrass,RGB2,J484.A_D_T3.16.2023_I APPL 50,2023-03-26 13:05:47,0,1,1,2023-03-26_RgbImage_2023-03-26_13-05-47.png,Switchgrass_J484.A_D_T3.16.2023_I APPL 50,0.21516815387522853,1.2452399869980582
Switchgrass,RGB1,J317.A_WW_I APPL 351,2022-11-29 10:53:39,0,1,2,2022-11-29_RgbImage_2022-11-29_10-53-38.png,Switchgrass_J317.A_WW_I APPL 351,0.9403989779881535,2.7636655189999146
Switchgrass,RGB2,J317.A_WW_I APPL 351,2022-11-29 10:51:35,0,1,2,2022-11-29_RgbImage_2022-11-29_10-51-34.png,Switchgrass_J317.A_WW_I APPL 351,0.956409756098128,1.2533482770013507
Switchgrass,RGB1,J597.C_D_T3.15.2023_I APPL 186,2023-04-01 08:06:52,0,1,2,2023-04-1_RgbImage_2023-04-01_08-06-52.png,Switchgrass_J597.C_D_T3.15.2023_I APPL 186,0.9426340676671927,2.793361742002162
Switchgrass,RGB2,J597.C_D_T3.15.2023_I APPL 186,2023-04-01 08:06:11,0,1,2,2023-04-1_RgbImage_2023-04-01_08-06-11.png,Switchgrass_J597.C_D_T3.15.2023_I APPL 186,0.949269533176567,1.2550880950002465
Switchgrass,RGB1,J190.A_D_T3.12.2023_I APPL 415,2023-04-05 17:21:05,0,1,3,2023-04-5_RgbImage_2023-04-05_17-21-05.png,Switchgrass_J190.A_D_T3.12.2023_I APPL 415,0.9159492397149492,2.7753889619998517
Switchgrass,RGB2,J190.A_D_T3.12.2023_I APPL 415,2023-04-05 17:20:24,0,1,3,2023-04-5_RgbImage_2023-04-05_17-20-24.png,Switchgrass_J190.A_D_T3.12.2023_I APPL 415,0.8589574155679339,1.2396264039998641
Switchgrass,RGB1,J215.A_Xtra_I APPL 138,2022-11-26 17:33:18,0,1,3,2022-11-26_RgbImage_2022-11-26_17-33-18.png,Switchgrass_J215.A_Xtra_I APPL 138,0.8887116733153111,2.7900192519991833
Switchgrass,RGB2,J215.A_Xtra_I APPL 138,2022-11-26 17:31:10,0,1,3,2022-11-26_RgbImage_2022-11-26_17-31-10.png,Switchgrass_J215.A_Xtra_I APPL 138,0.6902517935084576,1.2246205839983304
Switchgrass,RGB1,J317.A_D_I APPL 123,2022-12-11 17:00:53,0,1,3,2022-12-11_RgbImage_2022-12-11_17-00-52.png,Switchgrass_J317.A_D_I APPL 123,0.9383346425772281,2.7196577670001716
Switchgrass,RGB2,J317.A_D_I APPL 123,2022-12-11 17:00:15,0,1,3,2022-12-11_RgbImage_2022-12-11_17-00-14.png,Switchgrass_J317.A_D_I APPL 123,0.8707019952693363,1.2315946989983786
Switchgrass,RGB1,J215.A_D_I APPL 146,2022-12-20 14:24:07,0,1,4,2022-12-20_RgbImage_2022-12-20_14-24-06.png,Switchgrass_J215.A_D_I APPL 146,0.9510457901300489,2.753865118997055
Switchgrass,RGB1,J215.A_D_I APPL 146,2022-12-05 14:11:31,0,1,4,2022-12-5_RgbImage_2022-12-05_14-11-31.png,Switchgrass_J215.A_D_I APPL 146,0.8876029379075746,2.714913547002652
Switchgrass,RGB2,J215.A_D_I APPL 146,2022-12-20 14:22:47,0,1,4,2022-12-20_RgbImage_2022-12-20_14-22-47.png,Switchgrass_J215.A_D_I APPL 146,0.9264301975482643,1.2111960529982753
Switchgrass,RGB2,J215.A_D_I APPL 146,2022-12-05 14:09:24,0,1,4,2022-12-5_RgbImage_2022-12-05_14-09-23.png,Switchgrass_J215.A_D_I APPL 146,0.7948426242200932,1.2824305789981736
Switchgrass,RGB1,J483.C_WW_T3.14.2023_I APPL 250,2023-03-31 12:14:37,0,1,4,2023-03-31_RgbImage_2023-03-31_12-14-37.png,Switchgrass_J483.C_WW_T3.14.2023_I APPL 250,0.9484907332345209,2.7690121660016302
Switchgrass,RGB2,J483.C_WW_T3.14.2023_I APPL 250,2023-03-31 12:13:56,0,1,4,2023-03-31_RgbImage_2023-03-31_12-13-56.png,Switchgrass_J483.C_WW_T3.14.2023_I APPL 250,0.9572018788412627,1.2350388920021942
Switchgrass,RGB1,J279.A_D_T3.12.2023_I APPL 397,2023-04-12 17:09:50,0,2,0,2023-04-12_RgbImage_2023-04-12_17-09-49.png,Switchgrass_J279.A_D_T3.12.2023_I APPL 397,0.9320713587336544,2.820897239998885
Switchgrass,RGB2,J279.A_D_T3.12.2023_I APPL 397,2023-04-12 17:09:09,0,2,0,2023-04-12_RgbImage_2023-04-12_17-09-09.png,Switchgrass_J279.A_D_T3.12.2023_I APPL 397,0.90526169546387,1.2475029849993007
Switchgrass,RGB1,J321.A_D_T3.16.2023_I APPL 76,2023-03-26 09:44:34,0,2,0,2023-03-26_RgbImage_2023-03-26_09-44-34.png,Switchgrass_J321.A_D_T3.16.2023_I APPL 76,0.9100674208687559,2.8184471370004758
Switchgrass,RGB2,J321.A_D_T3.16.2023_I APPL 76,2023-03-26 09:43:52,0,2,0,2023-03-26_RgbImage_2023-03-26_09-43-51.png,Switchgrass_J321.A_D_T3.16.2023_I APPL 76,0.9327074528650764,1.235175549001724
Switchgrass,RGB1,AP13_D_I APPL 261,2022-11-25 11:42:21,0,2,1,2022-11-25_RgbImage_2022-11-25_11-42-21.png,Switchgrass_AP13_D_I APPL 261,0.936125000001996,2.802393525998923
Switchgrass,RGB2,AP13_D_I APPL 261,2022-11-25 11:41:39,0,2,1,2022-11-25_RgbImage_2022-11-25_11-41-38.png,Switchgrass_AP13_D_I APPL 261,0.7780467063663212,1.2254235319996951
Switchgrass,RGB1,J272.A_D_T3.13.2023_I APPL 369,2023-03-23 09:23:53,0,2,1,2023-03-23_RgbImage_2023-03-23_09-23-52.png,Switchgrass_J272.A_D_T3.13.2023_I APPL 369,0.9441021258288215,2.809040914002253
Switchgrass,RGB2,J272.A_D_T3.13.2023_I APPL 369,2023-03-23 09:23:12,0,2,1,2023-03-23_RgbImage_2023-03-23_09-23-11.png,Switchgrass_J272.A_D_T3.13.2023_I APPL 369,0.8969837342743749,1.2394778019988735
Switchgrass,RGB1,J615.A_WW_T3.14.2023_I APPL 247,2023-04-15 12:36:43,0,2,1,2023-04-15_RgbImage_2023-04-15_12-36-42.png,Switchgrass_J615.A_WW_T3.14.2023_I APPL 247,0.9634967778091146,2.8160373709979467
Switchgrass,RGB2,J615.A_WW_T3.14.2023_I APPL 247,2023-04-15 12:36:02,0,2,1,2023-04-15_RgbImage_2023-04-15_12-36-01.png,Switchgrass_J615.A_WW_T3.14.2023_I APPL 247,0.9442085456424876,1.2747760669990384
Switchgrass,RGB1,J008.D_D_I APPL 338,2022-12-08 11:58:16,0,2,2,2022-12-8_RgbImage_2022-12-08_11-58-15.png,Switchgrass_J008.D_D_I APPL 338,0.9666598100726228,2.773550574998808
Switchgrass,RGB2,J008.D_D_I APPL 338,2022-12-08 11:56:53,0,2,2,2022-12-8_RgbImage_2022-12-08_11-56-53.png,Switchgrass_J008.D_D_I APPL 338,0.9606877031138773,1.2642186179982673
Switchgrass,RGB1,J215.A_WW_I APPL 21,2022-12-05 12:15:39,0,2,3,2022-12-5_RgbImage_2022-12-05_12-15-38.png,Switchgrass_J215.A_WW_I APPL 21,0.8846970520031259,2.8465990500008047
Switchgrass,RGB2,J215.A_WW_I APPL 21,2022-12-05 12:13:31,0,2,3,2022-12-5_RgbImage_2022-12-05_12-13-30.png,Switchgrass_J215.A_WW_I APPL 21,0.5915290050138529,1.2814595429990732
Switchgrass,RGB1,VS16_D_I APPL 124,2022-12-05 16:56:19,0,2,3,2022-12-5_RgbImage_2022-12-05_16-56-18.png,Switchgrass_VS16_D_I APPL 124,0.9056262833694944,2.76924818200132
Switchgrass,RGB2,VS16_D_I APPL 124,2022-12-05 16:54:13,0,2,3,2022-12-5_RgbImage_2022-12-05_16-54-13.png,Switchgrass_VS16_D_I APPL 124,0.8909373089429775,1.2612124339975708
Switchgrass,RGB1,VS16_Xtra_I APPL 129,2022-12-21 17:39:29,0,2,3,2022-12-21_RgbImage_2022-12-21_17-39-28.png,Switchgrass_VS16_Xtra_I APPL 129,0.9626420566590662,2.8170514069970523
Switchgrass,RGB2,VS16_Xtra_I APPL 129,2022-12-21 17:38:10,0,2,3,2022-12-21_RgbImage_2022-12-21_17-38-10.png,Switchgrass_VS16_Xtra_I APPL 129,0.9310067469749235,1.2262161490034487
Switchgrass,RGB1,J215.A_WW_I APPL 131,2022-11-27 15:19:03,0,2,4,2022-11-27_RgbImage_2022-11-27_15-19-03.png,Switchgrass_J215.A_WW_I APPL 131,0.9165800287163577,2.8177568900027836
Switchgrass,RGB2,J215.A_WW_I APPL 131,2022-11-27 15:17:41,0,2,4,2022-11-27_RgbImage_2022-11-27_15-17-40.png,Switchgrass_J215.A_WW_I APPL 131,0.8999750062534378,1.2324164619967632
Switchgrass,RGB1,J215.A_WW_I APPL 21,2022-12-09 12:15:00,0,2,4,2022-12-9_RgbImage_2022-12-09_12-14-59.png,Switchgrass_J215.A_WW_I APPL 21,0.908472479904589,2.8317206510000688
Switchgrass,RGB2,J215.A_WW_I APPL 21,2022-12-09 12:12:53,0,2,4,2022-12-9_RgbImage_2022-12-09_12-12-52.png,Switchgrass_J215.A_WW_I APPL 21,0.7822052533701712,1.2533027499994205
Switchgrass,RGB1,J481.C_D_T3.15.2023_I APPL 118,2023-05-06 16:22:55,0,2,4,2023-05-6_RgbImage_2023-05-06_16-22-54.png,Switchgrass_J481.C_D_T3.15.2023_I APPL 118,0.9594456065497962,2.797378153001773
Switchgrass,RGB2,J481.C_D_T3.15.2023_I APPL 118,2023-05-06 16:22:15,0,2,4,2023-05-6_RgbImage_2023-05-06_16-22-14.png,Switchgrass_J481.C_D_T3.15.2023_I APPL 118,0.8765507230031658,1.2278386670004693
Switchgrass,RGB1,VS16_WW_I APPL 10,2022-11-27 11:51:14,0,2,4,2022-11-27_RgbImage_2022-11-27_11-51-13.png,Switchgrass_VS16_WW_I APPL 10,0.9434658135773388,2.8110679639976297
Switchgrass,RGB2,VS16_WW_I APPL 10,2022-11-27 11:49:53,0,2,4,2022-11-27_RgbImage_2022-11-27_11-49-52.png,Switchgrass_VS16_WW_I APPL 10,0.9332115256421667,1.2272170219985128
Switchgrass,RGB1,J501.B_D_T3.14.2023_I APPL 279,2023-04-07 08:27:30,0,3,0,2023-04-7_RgbImage_2023-04-07_08-27-30.png,Switchgrass_J501.B_D_T3.14.2023_I APPL 279,0.9419081774427013,2.7886322170015774
Switchgrass,RGB1,J501.B_D_T3.14.2023_I APPL 279,2023-05-05 08:27:16,0,3,0,2023-05-5_RgbImage_2023-05-05_08-27-16.png,Switchgrass_J501.B_D_T3.14.2023_I APPL 279,0.9508356732186733,2.806584407000628
Switchgrass,RGB2,J501.B_D_T3.14.2023_I APPL 279,2023-04-07 08:26:50,0,3,0,2023-04-7_RgbImage_2023-04-07_08-26-49.png,Switchgrass_J501.B_D_T3.14.2023_I APPL 279,0.6016181853284219,1.2635286919976352
Switchgrass,RGB2,J501.B_D_T3.14.2023_I APPL 279,2023-05-05 08:26:37,0,3,0,2023-05-5_RgbImage_2023-05-05_08-26-37.png,Switchgrass_J501.B_D_T3.14.2023_I APPL 279,0.9394393323351354,1.2265192129998468
Switchgrass,RGB1,VS16_D_I APPL 60,2022-11-27 13:23:43,0,3,0,2022-11-27_RgbImage_2022-11-27_13-23-42.png,Switchgrass_VS16_D_I APPL 60,0.8906058467408118,2.734942592000152
Switchgrass,RGB1,VS16_D_I APPL 60,2022-12-01 13:23:02,0,3,0,2022-12-1_RgbImage_2022-12-01_13-23-02.png,Switchgrass_VS16_D_I APPL 60,0.8889060508982157,2.7645559579978
Switchgrass,RGB2,VS16_D_I APPL 60,2022-11-27 13:21:37,0,3,0,2022-11-27_RgbImage_2022-11-27_13-21-37.png,Switchgrass_VS16_D_I APPL 60,0.6831221545892643,1.199460634998104
Switchgrass,RGB2,VS16_D_I APPL 60,2022-12-01 13:20:56,0,3,0,2022-12-1_RgbImage_2022-12-01_13-20-55.png,Switchgrass_VS16_D_I APPL 60,0.6634485855599771,1.2405959349998739
Switchgrass,RGB1,J215.A_D_I APPL 146,2022-11-27 14:12:44,0,3,1,2022-11-27_RgbImage_2022-11-27_14-12-44.png,Switchgrass_J215.A_D_I APPL 146,0.7293385214429046,2.7327112029997807
Switchgrass,RGB2,J215.A_D_I APPL 146,2022-11-27 14:11:19,0,3,1,2022-11-27_RgbImage_2022-11-27_14-11-19.png,Switchgrass_J215.A_D_I APPL 146,0.6277777779845679,1.2570084350008983
Switchgrass,RGB1,VS16_D_I APPL 402,2022-12-04 11:08:58,0,3,1,2022-12-4_RgbImage_2022-12-04_11-08-58.png,Switchgrass_VS16_D_I APPL 402,0.9229326513235881,2.7587857089965837
Switchgrass,RGB2,VS16_D_I APPL 402,2022-12-04 11:07:37,0,3,1,2022-12-4_RgbImage_2022-12-04_11-07-36.png,Switchgrass_VS16_D_I APPL 402,0.8151727790404361,1.2278357510003843
Switchgrass,RGB1,VS16_D_I APPL 60,2023-01-06 13:15:35,0,3,1,2023-01-6_RgbImage_2023-01-06_13-15-34.png,Switchgrass_VS16_D_I APPL 60,0.945319025895453,2.750635780997982
Switchgrass,RGB2,VS16_D_I APPL 60,2023-01-06 13:14:54,0,3,1,2023-01-6_RgbImage_2023-01-06_13-14-54.png,Switchgrass_VS16_D_I APPL 60,0.5664766060894902,1.2446469950009487
Switchgrass,RGB1,J303.A_D_T3.15.2023_I APPL 144,2023-04-08 13:23:37,0,3,2,2023-04-8_RgbImage_2023-04-08_13-23-37.png,Switchgrass_J303.A_D_T3.15.2023_I APPL 144,0.9191093607288449,2.7430745159981598
Switchgrass,RGB1,J303.A_D_T3.15.2023_I APPL 144,2023-04-24 13:21:08,0,3,2,2023-04-24_RgbImage_2023-04-24_13-21-08.png,Switchgrass_J303.A_D_T3.15.2023_I APPL 144,0.936992582834119,2.777978244001133
Switchgrass,RGB2,J303.A_D_T3.15.2023_I APPL 144,2023-04-08 13:22:57,0,3,2,2023-04-8_RgbImage_2023-04-08_13-22-56.png,Switchgrass_J303.A_D_T3.15.2023_I APPL 144,0.8620514424231481,1.212577442998736
Switchgrass,RGB2,J303.A_D_T3.15.2023_I APPL 144,2023-04-24 13:20:28,0,3,2,2023-04-24_RgbImage_2023-04-24_13-20-28.png,Switchgrass_J303.A_D_T3.15.2023_I APPL 144,0.8760160172143795,1.2279682209991734
Switchgrass,RGB1,VS16_D_I APPL 402,2022-11-25 11:09:53,0,3,2,2022-11-25_RgbImage_2022-11-25_11-09-52.png,Switchgrass_VS16_D_I APPL 402,0.8902720610435563,2.7820713830005843
Switchgrass,RGB2,VS16_D_I APPL 402,2022-11-25 11:08:28,0,3,2,2022-11-25_RgbImage_2022-11-25_11-08-28.png,Switchgrass_VS16_D_I APPL 402,0.8532743481564934,1.2512874589992862
Switchgrass,RGB1,J215.A_WW_I APPL 21,2022-12-03 12:15:55,0,3,4,2022-12-3_RgbImage_2022-12-03_12-15-55.png,Switchgrass_J215.A_WW_I APPL 21,0.8743273619048888,2.762463742001273
Switchgrass,RGB2,J215.A_WW_I APPL 21,2022-12-03 12:13:47,0,3,4,2022-12-3_RgbImage_2022-12-03_12-13-46.png,Switchgrass_J215.A_WW_I APPL 21,0.5568193256388113,1.230827177001629
Switchgrass,RGB1,VS16_Xtra_I APPL 129,2022-12-20 17:55:55,0,3,4,2022-12-20_RgbImage_2022-12-20_17-55-54.png,Switchgrass_VS16_Xtra_I APPL 129,0.9513679852977368,2.80665098299869
Switchgrass,RGB1,VS16_Xtra_I APPL 129,2022-12-18 17:40:39,0,3,4,2022-12-18_RgbImage_2022-12-18_17-40-38.png,Switchgrass_VS16_Xtra_I APPL 129,0.9384673721953664,2.741146590000426
Switchgrass,RGB1,VS16_Xtra_I APPL 129,2022-12-14 17:41:49,0,3,4,2022-12-14_RgbImage_2022-12-14_17-41-48.png,Switchgrass_VS16_Xtra_I APPL 129,0.953163180048609,2.7348607660023845
Switchgrass,RGB2,VS16_Xtra_I APPL 129,2022-12-20 17:54:36,0,3,4,2022-12-20_RgbImage_2022-12-20_17-54-35.png,Switchgrass_VS16_Xtra_I APPL 129,0.9425038486374087,1.2290846329997294
Switchgrass,RGB2,VS16_Xtra_I APPL 129,2022-12-18 17:40:00,0,3,4,2022-12-18_RgbImage_2022-12-18_17-40-00.png,Switchgrass_VS16_Xtra_I APPL 129,0.9649726264230211,1.243630281998776
Switchgrass,RGB2,VS16_Xtra_I APPL 129,2022-12-14 17:41:09,0,3,4,2022-12-14_RgbImage_2022-12-14_17-41-08.png,Switchgrass_VS16_Xtra_I APPL 129,0.9613814682810298,1.231958606000262
Switchgrass,RGB1,J215.A_WW_I APPL 21,2022-11-25 12:17:06,0,4,0,2022-11-25_RgbImage_2022-11-25_12-17-06.png,Switchgrass_J215.A_WW_I APPL 21,0.8370678617287878,2.7217452400000184
Switchgrass,RGB2,J215.A_WW_I APPL 21,2022-11-25 12:14:59,0,4,0,2022-11-25_RgbImage_2022-11-25_12-14-58.png,Switchgrass_J215.A_WW_I APPL 21,0.07453754093110207,1.249123507001059
Switchgrass,RGB1,VS16_D_I APPL 60,2022-12-30 13:16:52,0,4,0,2022-12-30_RgbImage_2022-12-30_13-16-51.png,Switchgrass_VS16_D_I APPL 60,0.918412309845805,2.729015603999869
Switchgrass,RGB1,VS16_D_I APPL 60,2022-12-14 13:20:17,0,4,0,2022-12-14_RgbImage_2022-12-14_13-20-16.png,Switchgrass_VS16_D_I APPL 60,0.9287925696613432,2.7886082000004535
Switchgrass,RGB1,VS16_D_I APPL 60,2022-12-08 13:21:51,0,4,0,2022-12-8_RgbImage_2022-12-08_13-21-50.png,Switchgrass_VS16_D_I APPL 60,0.9110812133099596,2.7588539669995953
Switchgrass,RGB2,VS16_D_I APPL 60,2022-12-30 13:15:29,0,4,0,2022-12-30_RgbImage_2022-12-30_13-15-28.png,Switchgrass_VS16_D_I APPL 60,0.7128752501763551,1.242232459000661
Switchgrass,RGB2,VS16_D_I APPL 60,2022-12-14 13:18:54,0,4,0,2022-12-14_RgbImage_2022-12-14_13-18-54.png,Switchgrass_VS16_D_I APPL 60,0.7567256273238698,1.2555900929983181
Switchgrass,RGB2,VS16_D_I APPL 60,2022-12-08 13:19:48,0,4,0,2022-12-8_RgbImage_2022-12-08_13-19-47.png,Switchgrass_VS16_D_I APPL 60,0.5978139422104536,1.242284556999948
Switchgrass,RGB1,J317.A_D_I APPL 123,2022-11-25 17:08:08,0,4,1,2022-11-25_RgbImage_2022-11-25_17-08-07.png,Switchgrass_J317.A_D_I APPL 123,0.8606581758237836,2.775470291999227
Switchgrass,RGB1,J317.A_D_I APPL 123,2022-11-28 17:04:13,0,4,1,2022-11-28_RgbImage_2022-11-28_17-04-13.png,Switchgrass_J317.A_D_I APPL 123,0.856633209982252,2.7203878830005124
Switchgrass,RGB2,J317.A_D_I APPL 123,2022-11-25 17:06:43,0,4,1,2022-11-25_RgbImage_2022-11-25_17-06-43.png,Switchgrass_J317.A_D_I APPL 123,0.6829716620024012,1.214885277000576
Switchgrass,RGB2,J317.A_D_I APPL 123,2022-11-28 17:02:50,0,4,1,2022-11-28_RgbImage_2022-11-28_17-02-50.png,Switchgrass_J317.A_D_I APPL 123,0.7348289812552947,1.296690105999005
Switchgrass,RGB1,VS16_D_I APPL 124,2022-11-25 17:00:29,0,4,1,2022-11-25_RgbImage_2022-11-25_17-00-29.png,Switchgrass_VS16_D_I APPL 124,0.8094605368226184,2.7932350779992703
Switchgrass,RGB2,VS16_D_I APPL 124,2022-11-25 16:58:21,0,4,1,2022-11-25_RgbImage_2022-11-25_16-58-20.png,Switchgrass_VS16_D_I APPL 124,5.353319054950043e-10,1.2554861759999767
Switchgrass,RGB1,VS16_D_I APPL 124,2022-11-26 16:59:48,0,4,2,2022-11-26_RgbImage_2022-11-26_16-59-48.png,Switchgrass_VS16_D_I APPL 124,0.790709374493484,2.7963431630014384
Switchgrass,RGB1,VS16_D_I APPL 124,2022-11-27 16:59:26,0,4,2,2022-11-27_RgbImage_2022-11-27_16-59-26.png,Switchgrass_VS16_D_I APPL 124,0.8169590183420941,2.7577774509991286
Switchgrass,RGB2,VS16_D_I APPL 124,2022-11-26 16:57:41,0,4,2,2022-11-26_RgbImage_2022-11-26_16-57-40.png,Switchgrass_VS16_D_I APPL 124,0.403864734491509,1.2159947140025906
Switchgrass,RGB2,VS16_D_I APPL 124,2022-11-27 16:57:17,0,4,2,2022-11-27_RgbImage_2022-11-27_16-57-17.png,Switchgrass_VS16_D_I APPL 124,0.747783251256376,1.2632436819985742
Switchgrass,RGB1,VS16_Xtra_I APPL 129,2022-11-29 17:47:58,0,4,2,2022-11-29_RgbImage_2022-11-29_17-47-57.png,Switchgrass_VS16_Xtra_I APPL 129,0.8322156390499241,2.7796175010007573
Switchgrass,RGB1,VS16_Xtra_I APPL 129,2022-11-25 19:20:05,0,4,2,2022-11-25_RgbImage_2022-11-25_19-20-04.png,Switchgrass_VS16_Xtra_I APPL 129,0.5884021431471159,2.7465502849991026
Switchgrass,RGB2,VS16_Xtra_I APPL 129,2022-11-29 17:46:34,0,4,2,2022-11-29_RgbImage_2022-11-29_17-46-33.png,Switchgrass_VS16_Xtra_I APPL 129,0.2588308848831413,1.2382077690017468
Switchgrass,RGB2,VS16_Xtra_I APPL 129,2022-11-25 19:18:34,0,4,2,2022-11-25_RgbImage_2022-11-25_19-18-34.png,Switchgrass_VS16_Xtra_I APPL 129,5.555555524691358e-09,1.2780016730030184
Switchgrass,RGB1,J003.F_D_T3.14.2023_I APPL 256,2023-03-24 11:24:56,0,4,3,2023-03-24_RgbImage_2023-03-24_11-24-56.png,Switchgrass_J003.F_D_T3.14.2023_I APPL 256,0.9209662988407911,2.766983645000437
Switchgrass,RGB2,J003.F_D_T3.14.2023_I APPL 256,2023-03-24 11:24:13,0,4,3,2023-03-24_RgbImage_2023-03-24_11-24-13.png,Switchgrass_J003.F_D_T3.14.2023_I APPL 256,0.5292519471962955,1.2359390999990865
Switchgrass,RGB1,J008.D_D_I APPL 338,2022-11-27 11:58:53,0,4,3,2022-11-27_RgbImage_2022-11-27_11-58-53.png,Switchgrass_J008.D_D_I APPL 338,0.9290179009742769,2.801508509000996
Switchgrass,RGB1,J008.D_D_I APPL 338,2022-11-26 11:58:50,0,4,3,2022-11-26_RgbImage_2022-11-26_11-58-49.png,Switchgrass_J008.D_D_I APPL 338,0.9384344192747133,2.7500834849997773
Switchgrass,RGB2,J008.D_D_I APPL 338,2022-11-27 11:58:11,0,4,3,2022-11-27_RgbImage_2022-11-27_11-58-10.png,Switchgrass_J008.D_D_I APPL 338,0.8779302458634984,1.2064355120019172
Switchgrass,RGB2,J008.D_D_I APPL 338,2022-11-26 11:58:08,0,4,3,2022-11-26_RgbImage_2022-11-26_11-58-07.png,Switchgrass_J008.D_D_I APPL 338,0.8816326530712898,1.2839669900022272
Switchgrass,RGB1,J021.C_D_T3.15.2023_I APPL 177,2023-03-25 09:06:22,0,4,3,2023-03-25_RgbImage_2023-03-25_09-06-22.png,Switchgrass_J021.C_D_T3.15.2023_I APPL 177,0.8708915145144048,2.7618851350016485
Switchgrass,RGB2,J021.C_D_T3.15.2023_I APPL 177,2023-03-25 09:05:39,0,4,3,2023-03-25_RgbImage_2023-03-25_09-05-39.png,Switchgrass_J021.C_D_T3.15.2023_I APPL 177,1.4409221881254723e-09,1.2610627389985893
Switchgrass,RGB1,J003.F_WW_T3.14.2023_I APPL 199,2023-04-07 18:30:51,0,4,4,2023-04-7_RgbImage_2023-04-07_18-30-50.png,Switchgrass_J003.F_WW_T3.14.2023_I APPL 199,0.8134736842367054,2.826965607000602
Switchgrass,RGB1,J003.F_WW_T3.14.2023_I APPL 199,2023-03-24 18:34:29,0,4,4,2023-03-24_RgbImage_2023-03-24_18-34-28.png,Switchgrass_J003.F_WW_T3.14.2023_I APPL 199,0.8473302924809055,2.8045495660007873
Switchgrass,RGB1,J003.F_WW_T3.14.2023_I APPL 199,2023-03-31 18:31:35,0,4,4,2023-03-31_RgbImage_2023-03-31_18-31-34.png,Switchgrass_J003.F_WW_T3.14.2023_I APPL 199,0.7704223294212448,2.791642264000984
Switchgrass,RGB1,J003.F_WW_T3.14.2023_I APPL 199,2023-04-15 18:24:57,0,4,4,2023-04-15_RgbImage_2023-04-15_18-24-56.png,Switchgrass_J003.F_WW_T3.14.2023_I APPL 199,0.8381300441848439,2.8007731979996606
Switchgrass,RGB2,J003.F_WW_T3.14.2023_I APPL 199,2023-04-07 18:30:08,0,4,4,2023-04-7_RgbImage_2023-04-07_18-30-07.png,Switchgrass_J003.F_WW_T3.14.2023_I APPL 199,2.574665292848953e-10,1.2237800620023336
Switchgrass,RGB2,J003.F_WW_T3.14.2023_I APPL 199,2023-03-24 18:33:45,0,4,4,2023-03-24_RgbImage_2023-03-24_18-33-45.png,Switchgrass_J003.F_WW_T3.14.2023_I APPL 199,6.365372370232098e-10,1.2387628889991902
Switchgrass,RGB2,J003.F_WW_T3.14.2023_I APPL 199,2023-03-31 18:30:51,0,4,4,2023-03-31_RgbImage_2023-03-31_18-30-51.png,Switchgrass_J003.F_WW_T3.14.2023_I APPL 199,3.702332468085031e-10,1.2324499639980786
Switchgrass,RGB2,J003.F_WW_T3.14.2023_I APPL 199,2023-04-15 18:24:13,0,4,4,2023-04-15_RgbImage_2023-04-15_18-24-12.png,Switchgrass_J003.F_WW_T3.14.2023_I APPL 199,3.7341299463278083e-10,1.2635739260003902
Switchgrass,RGB1,AP13_WW_I APPL 133,2022-11-29 15:27:38,1,0,0,2022-11-29_RgbImage_2022-11-29_15-27-38.png,Switchgrass_AP13_WW_I APPL 133,0.6814188813875882,2.7771036779995484
Switchgrass,RGB2,AP13_WW_I APPL 133,2022-11-29 15:25:30,1,0,0,2022-11-29_RgbImage_2022-11-29_15-25-30.png,Switchgrass_AP13_WW_I APPL 133,0.5350344269876398,1.250634142998024
Switchgrass,RGB1,J235.A_WW_T3.13.2023_I APPL 332,2023-03-30 13:58:02,1,0,0,2023-03-30_RgbImage_2023-03-30_13-58-01.png,Switchgrass_J235.A_WW_T3.13.2023_I APPL 332,0.9633811822630942,2.775945897999918
Switchgrass,RGB2,J235.A_WW_T3.13.2023_I APPL 332,2023-03-30 13:57:24,1,0,0,2023-03-30_RgbImage_2023-03-30_13-57-24.png,Switchgrass_J235.A_WW_T3.13.2023_I APPL 332,0.9465785305339794,1.247910933001549
Switchgrass,RGB1,J249.C_D_T3.12.2023_I APPL 406,2023-03-29 16:19:53,1,0,0,2023-03-29_RgbImage_2023-03-29_16-19-53.png,Switchgrass_J249.C_D_T3.12.2023_I APPL 406,0.9635427479967643,2.759548336998705
Switchgrass,RGB2,J249.C_D_T3.12.2023_I APPL 406,2023-03-29 16:19:14,1,0,0,2023-03-29_RgbImage_2023-03-29_16-19-14.png,Switchgrass_J249.C_D_T3.12.2023_I APPL 406,0.9494594426582567,1.2638565410015872
Switchgrass,RGB1,J211.A_D_T3.14.2023_I APPL 239,2023-03-31 13:30:13,1,0,1,2023-03-31_RgbImage_2023-03-31_13-30-12.png,Switchgrass_J211.A_D_T3.14.2023_I APPL 239,0.9392746828903045,2.7956728550016123
Switchgrass,RGB2,J211.A_D_T3.14.2023_I APPL 239,2023-03-31 13:29:31,1,0,1,2023-03-31_RgbImage_2023-03-31_13-29-31.png,Switchgrass_J211.A_D_T3.14.2023_I APPL 239,0.9427520845207649,1.247477673998219
Switchgrass,RGB1,J416.A_WW_T3.12.2023_I APPL 425,2023-03-29 13:58:46,1,0,1,2023-03-29_RgbImage_2023-03-29_13-58-45.png,Switchgrass_J416.A_WW_T3.12.2023_I APPL 425,0.9351456030658786,2.7549434109969297
Switchgrass,RGB2,J416.A_WW_T3.12.2023_I APPL 425,2023-03-29 13:58:06,1,0,1,2023-03-29_RgbImage_2023-03-29_13-58-05.png,Switchgrass_J416.A_WW_T3.12.2023_I APPL 425,0.9548278104608608,1.2450090069978614
Switchgrass,RGB1,J215.A_WW_T3.16.2023_I APPL 33,2023-04-02 15:11:44,1,0,2,2023-04-2_RgbImage_2023-04-02_15-11-43.png,Switchgrass_J215.A_WW_T3.16.2023_I APPL 33,0.9676210998429751,2.7493473920003453
Switchgrass,RGB2,J215.A_WW_T3.16.2023_I APPL 33,2023-04-02 15:11:04,1,0,2,2023-04-2_RgbImage_2023-04-02_15-11-03.png,Switchgrass_J215.A_WW_T3.16.2023_I APPL 33,0.9235718742669828,1.2299456979999377
Switchgrass,RGB1,J461.C_WW_T3.15.2023_I APPL 136,2023-04-01 14:15:51,1,0,2,2023-04-1_RgbImage_2023-04-01_14-15-50.png,Switchgrass_J461.C_WW_T3.15.2023_I APPL 136,0.9348971546790739,2.747623231000034
Switchgrass,RGB2,J461.C_WW_T3.15.2023_I APPL 136,2023-04-01 14:15:11,1,0,2,2023-04-1_RgbImage_2023-04-01_14-15-10.png,Switchgrass_J461.C_WW_T3.15.2023_I APPL 136,0.9395695101436587,1.2302936970008886
Switchgrass,RGB1,J600.A_WW_T3.14.2023_I APPL 226,2023-03-31 15:19:15,1,0,2,2023-03-31_RgbImage_2023-03-31_15-19-14.png,Switchgrass_J600.A_WW_T3.14.2023_I APPL 226,0.9431696368757272,2.7815615449981124
Switchgrass,RGB2,J600.A_WW_T3.14.2023_I APPL 226,2023-03-31 15:18:34,1,0,2,2023-03-31_RgbImage_2023-03-31_15-18-33.png,Switchgrass_J600.A_WW_T3.14.2023_I APPL 226,0.958529564096821,1.2469182269996963
Switchgrass,RGB1,J181.A_WW_T3.13.2023_I APPL 310,2023-04-06 16:43:33,1,0,3,2023-04-6_RgbImage_2023-04-06_16-43-32.png,Switchgrass_J181.A_WW_T3.13.2023_I APPL 310,0.920621696911806,2.748375303002831
Switchgrass,RGB2,J181.A_WW_T3.13.2023_I APPL 310,2023-04-06 16:42:51,1,0,3,2023-04-6_RgbImage_2023-04-06_16-42-50.png,Switchgrass_J181.A_WW_T3.13.2023_I APPL 310,0.8754440041134466,1.2339982000012242
Switchgrass,RGB1,J322.A_D_T3.12.2023_I APPL 424,2023-03-29 14:07:09,1,0,3,2023-03-29_RgbImage_2023-03-29_14-07-08.png,Switchgrass_J322.A_D_T3.12.2023_I APPL 424,0.9207550414940198,2.7410751110001
Switchgrass,RGB2,J322.A_D_T3.12.2023_I APPL 424,2023-03-29 14:06:27,1,0,3,2023-03-29_RgbImage_2023-03-29_14-06-26.png,Switchgrass_J322.A_D_T3.12.2023_I APPL 424,0.8893659815377647,1.2304147350005223
Switchgrass,RGB1,J446.B_D_T3.12.2023_I APPL 413,2023-03-29 15:22:04,1,0,3,2023-03-29_RgbImage_2023-03-29_15-22-03.png,Switchgrass_J446.B_D_T3.12.2023_I APPL 413,0.9631146587235396,2.7405740239992156
Switchgrass,RGB2,J446.B_D_T3.12.2023_I APPL 413,2023-03-29 15:21:20,1,0,3,2023-03-29_RgbImage_2023-03-29_15-21-20.png,Switchgrass_J446.B_D_T3.12.2023_I APPL 413,0.9648881482437222,1.2206079339994176
Switchgrass,RGB1,J585.A_WW_T3.14.2023_I APPL 268,2023-04-07 09:59:30,1,0,3,2023-04-7_RgbImage_2023-04-07_09-59-30.png,Switchgrass_J585.A_WW_T3.14.2023_I APPL 268,0.9496320285128672,2.8102931339999486
Switchgrass,RGB2,J585.A_WW_T3.14.2023_I APPL 268,2023-04-07 09:58:52,1,0,3,2023-04-7_RgbImage_2023-04-07_09-58-51.png,Switchgrass_J585.A_WW_T3.14.2023_I APPL 268,0.9548730575985435,1.2461506159997953
Switchgrass,RGB1,J340.A_D_T3.13.2023_I APPL 343,2023-04-28 12:38:02,1,0,4,2023-04-28_RgbImage_2023-04-28_12-38-02.png,Switchgrass_J340.A_D_T3.13.2023_I APPL 343,0.9392171910978915,2.8070864910005184
Switchgrass,RGB2,J340.A_D_T3.13.2023_I APPL 343,2023-04-28 12:37:23,1,0,4,2023-04-28_RgbImage_2023-04-28_12-37-23.png,Switchgrass_J340.A_D_T3.13.2023_I APPL 343,0.9610403914845794,1.2430638189980527
Switchgrass,RGB1,J466.A_D_T3.15.2023_I APPL 173,2023-04-08 09:38:14,1,0,4,2023-04-8_RgbImage_2023-04-08_09-38-13.png,Switchgrass_J466.A_D_T3.15.2023_I APPL 173,0.9435741324612137,2.7845101289967715
Switchgrass,RGB2,J466.A_D_T3.15.2023_I APPL 173,2023-04-08 09:37:36,1,0,4,2023-04-8_RgbImage_2023-04-08_09-37-35.png,Switchgrass_J466.A_D_T3.15.2023_I APPL 173,0.9188000451116582,1.2516576770030952
Switchgrass,RGB1,J482.C_WW_T3.15.2023_I APPL 103,2023-04-01 18:36:02,1,0,4,2023-04-1_RgbImage_2023-04-01_18-36-01.png,Switchgrass_J482.C_WW_T3.15.2023_I APPL 103,0.9577272136620306,2.7566313309980615
Switchgrass,RGB2,J482.C_WW_T3.15.2023_I APPL 103,2023-04-01 18:35:22,1,0,4,2023-04-1_RgbImage_2023-04-01_18-35-21.png,Switchgrass_J482.C_WW_T3.15.2023_I APPL 103,0.9638603175944422,1.2337726840014511
Switchgrass,RGB1,AP13_WW_I APPL 133,2022-12-15 15:23:38,1,1,0,2022-12-15_RgbImage_2022-12-15_15-23-37.png,Switchgrass_AP13_WW_I APPL 133,0.9325390591967938,2.7760860720009077
Switchgrass,RGB1,AP13_WW_I APPL 133,2022-12-21 15:21:53,1,1,0,2022-12-21_RgbImage_2022-12-21_15-21-52.png,Switchgrass_AP13_WW_I APPL 133,0.9369343593300635,2.7121046380016196
Switchgrass,RGB2,AP13_WW_I APPL 133,2022-12-15 15:21:33,1,1,0,2022-12-15_RgbImage_2022-12-15_15-21-32.png,Switchgrass_AP13_WW_I APPL 133,0.9404291194754597,1.2239795479981694
Switchgrass,RGB2,AP13_WW_I APPL 133,2022-12-21 15:19:49,1,1,0,2022-12-21_RgbImage_2022-12-21_15-19-49.png,Switchgrass_AP13_WW_I APPL 133,0.9443644063702253,1.241355237998505
Switchgrass,RGB1,J341.A_D_T3.14.2023_I APPL 248,2023-04-07 12:31:15,1,1,0,2023-04-7_RgbImage_2023-04-07_12-31-15.png,Switchgrass_J341.A_D_T3.14.2023_I APPL 248,0.9672975697168368,2.767984524001804
Switchgrass,RGB2,J341.A_D_T3.14.2023_I APPL 248,2023-04-07 12:30:36,1,1,0,2023-04-7_RgbImage_2023-04-07_12-30-36.png,Switchgrass_J341.A_D_T3.14.2023_I APPL 248,0.9260389079165959,1.2402323850001267
Switchgrass,RGB1,J008.D_Xtra_I APPL 122,2022-12-19 17:16:27,1,1,1,2022-12-19_RgbImage_2022-12-19_17-16-26.png,Switchgrass_J008.D_Xtra_I APPL 122,0.9661710936836808,2.768708211999183
Switchgrass,RGB2,J008.D_Xtra_I APPL 122,2022-12-19 17:15:08,1,1,1,2022-12-19_RgbImage_2022-12-19_17-15-07.png,Switchgrass_J008.D_Xtra_I APPL 122,0.9765168040688165,1.2226731890004885
Switchgrass,RGB1,J209.A_D_T3.16.2023_I APPL 14,2023-04-02 17:34:52,1,1,1,2023-04-2_RgbImage_2023-04-02_17-34-52.png,Switchgrass_J209.A_D_T3.16.2023_I APPL 14,0.9680179302283374,2.7498697570008517
Switchgrass,RGB2,J209.A_D_T3.16.2023_I APPL 14,2023-04-02 17:34:11,1,1,1,2023-04-2_RgbImage_2023-04-02_17-34-11.png,Switchgrass_J209.A_D_T3.16.2023_I APPL 14,0.9101231527104665,1.2366132639981515
Switchgrass,RGB1,J652.A_WW_T3.15.2023_I APPL 129,2023-04-08 15:12:12,1,1,1,2023-04-8_RgbImage_2023-04-08_15-12-12.png,Switchgrass_J652.A_WW_T3.15.2023_I APPL 129,0.9581689827903078,2.797123002997978
Switchgrass,RGB2,J652.A_WW_T3.15.2023_I APPL 129,2023-04-08 15:11:32,1,1,1,2023-04-8_RgbImage_2023-04-08_15-11-32.png,Switchgrass_J652.A_WW_T3.15.2023_I APPL 129,0.9630681458003838,1.22655709099854
Switchgrass,RGB1,J020.C_WW_T3.12.2023_I APPL 496,2023-04-12 09:55:42,1,1,2,2023-04-12_RgbImage_2023-04-12_09-55-42.png,Switchgrass_J020.C_WW_T3.12.2023_I APPL 496,0.9510368295735813,2.8033294170018053
Switchgrass,RGB2,J020.C_WW_T3.12.2023_I APPL 496,2023-04-12 09:55:00,1,1,2,2023-04-12_RgbImage_2023-04-12_09-55-00.png,Switchgrass_J020.C_WW_T3.12.2023_I APPL 496,0.8889385005333245,1.262536343998363
Switchgrass,RGB1,J458.C_D_T3.15.2023_I APPL 120,2023-04-08 16:10:40,1,1,2,2023-04-8_RgbImage_2023-04-08_16-10-39.png,Switchgrass_J458.C_D_T3.15.2023_I APPL 120,0.9361327568801783,2.769927909001126
Switchgrass,RGB2,J458.C_D_T3.15.2023_I APPL 120,2023-04-08 16:10:00,1,1,2,2023-04-8_RgbImage_2023-04-08_16-10-00.png,Switchgrass_J458.C_D_T3.15.2023_I APPL 120,0.9433635554703188,1.2455432360002305
Switchgrass,RGB1,J576.A_WW_T3.14.2023_I APPL 263,2023-03-31 10:42:10,1,1,2,2023-03-31_RgbImage_2023-03-31_10-42-09.png,Switchgrass_J576.A_WW_T3.14.2023_I APPL 263,0.9567135748719254,2.78446130500015
Switchgrass,RGB2,J576.A_WW_T3.14.2023_I APPL 263,2023-03-31 10:41:30,1,1,2,2023-03-31_RgbImage_2023-03-31_10-41-29.png,Switchgrass_J576.A_WW_T3.14.2023_I APPL 263,0.9442757544404433,1.2296474340000714
Switchgrass,RGB1,J008.D_D_I APPL 5,2022-11-30 10:37:07,1,1,3,2022-11-30_RgbImage_2022-11-30_10-37-07.png,Switchgrass_J008.D_D_I APPL 5,0.9202640233683618,2.7699060270024347
Switchgrass,RGB2,J008.D_D_I APPL 5,2022-11-30 10:35:00,1,1,3,2022-11-30_RgbImage_2022-11-30_10-35-00.png,Switchgrass_J008.D_D_I APPL 5,0.864493305273734,1.2239377080004488
Switchgrass,RGB1,J327.A_WW_T3.12.2023_I APPL 418,2023-03-29 14:40:20,1,1,3,2023-03-29_RgbImage_2023-03-29_14-40-20.png,Switchgrass_J327.A_WW_T3.12.2023_I APPL 418,0.9622368341679652,2.815017053999327
Switchgrass,RGB2,J327.A_WW_T3.12.2023_I APPL 418,2023-03-29 14:39:45,1,1,3,2023-03-29_RgbImage_2023-03-29_14-39-44.png,Switchgrass_J327.A_WW_T3.12.2023_I APPL 418,0.9580591139704612,1.2732199220008624
Switchgrass,RGB1,J458.B_WW_T3.14.2023_I APPL 252,2023-04-22 11:54:58,1,1,3,2023-04-22_RgbImage_2023-04-22_11-54-58.png,Switchgrass_J458.B_WW_T3.14.2023_I APPL 252,0.9617179434236195,2.7757439439992595
Switchgrass,RGB2,J458.B_WW_T3.14.2023_I APPL 252,2023-04-22 11:54:24,1,1,3,2023-04-22_RgbImage_2023-04-22_11-54-23.png,Switchgrass_J458.B_WW_T3.14.2023_I APPL 252,0.93232055555247,1.2626885009995021
Switchgrass,RGB1,J586.B_WW_T3.16.2023_I APPL 63,2023-04-17 11:31:22,1,1,3,2023-04-17_RgbImage_2023-04-17_11-31-22.png,Switchgrass_J586.B_WW_T3.16.2023_I APPL 63,0.9459745726165848,2.79624356000204
Switchgrass,RGB2,J586.B_WW_T3.16.2023_I APPL 63,2023-04-17 11:30:43,1,1,3,2023-04-17_RgbImage_2023-04-17_11-30-42.png,Switchgrass_J586.B_WW_T3.16.2023_I APPL 63,0.9498978630755144,1.2578071619973343
Switchgrass,RGB1,J182.A_WW_T3.13.2023_I APPL 385,2023-04-20 07:26:07,1,1,4,2023-04-20_RgbImage_2023-04-20_07-26-07.png,Switchgrass_J182.A_WW_T3.13.2023_I APPL 385,0.9493369107138139,2.76682833799714
Switchgrass,RGB2,J182.A_WW_T3.13.2023_I APPL 385,2023-04-20 07:25:29,1,1,4,2023-04-20_RgbImage_2023-04-20_07-25-28.png,Switchgrass_J182.A_WW_T3.13.2023_I APPL 385,0.9548541595897753,1.2376432310011296
Switchgrass,RGB1,J215.A_WW_I APPL 152,2022-12-15 13:53:38,1,1,4,2022-12-15_RgbImage_2022-12-15_13-53-38.png,Switchgrass_J215.A_WW_I APPL 152,0.9568040611034958,2.7713563770012115
Switchgrass,RGB1,J215.A_WW_I APPL 152,2022-12-06 13:55:05,1,1,4,2022-12-6_RgbImage_2022-12-06_13-55-04.png,Switchgrass_J215.A_WW_I APPL 152,0.9392159378610594,2.8058703300011985
Switchgrass,RGB2,J215.A_WW_I APPL 152,2022-12-15 13:51:37,1,1,4,2022-12-15_RgbImage_2022-12-15_13-51-37.png,Switchgrass_J215.A_WW_I APPL 152,0.9548865423501464,1.2410657809996337
Switchgrass,RGB2,J215.A_WW_I APPL 152,2022-12-06 13:53:04,1,1,4,2022-12-6_RgbImage_2022-12-06_13-53-04.png,Switchgrass_J215.A_WW_I APPL 152,0.9341433705470563,1.2571074789993872
Switchgrass,RGB1,J477.B_WW_T3.16.2023_I APPL 38,2023-04-10 14:27:24,1,1,4,2023-04-10_RgbImage_2023-04-10_14-27-24.png,Switchgrass_J477.B_WW_T3.16.2023_I APPL 38,0.9688827877700059,2.7956575819989666
Switchgrass,RGB2,J477.B_WW_T3.16.2023_I APPL 38,2023-04-10 14:26:45,1,1,4,2023-04-10_RgbImage_2023-04-10_14-26-45.png,Switchgrass_J477.B_WW_T3.16.2023_I APPL 38,0.9269948150604898,1.260837210000318
Switchgrass,RGB1,J235.A_D_T3.13.2023_I APPL 297,2023-04-14 23:05:00,1,2,0,2023-04-14_RgbImage_2023-04-14_23-04-59.png,Switchgrass_J235.A_D_T3.13.2023_I APPL 297,0.9585944545940465,2.772108829998615
Switchgrass,RGB2,J235.A_D_T3.13.2023_I APPL 297,2023-04-14 23:04:19,1,2,0,2023-04-14_RgbImage_2023-04-14_23-04-18.png,Switchgrass_J235.A_D_T3.13.2023_I APPL 297,0.8648900021186223,1.2422778919972188
Switchgrass,RGB1,J251.B_WW_T3.12.2023_I APPL 518,2023-04-05 09:31:13,1,2,0,2023-04-5_RgbImage_2023-04-05_09-31-12.png,Switchgrass_J251.B_WW_T3.12.2023_I APPL 518,0.9810944786078468,2.7655933120004192
Switchgrass,RGB2,J251.B_WW_T3.12.2023_I APPL 518,2023-04-05 09:30:38,1,2,0,2023-04-5_RgbImage_2023-04-05_09-30-37.png,Switchgrass_J251.B_WW_T3.12.2023_I APPL 518,0.9508286734004449,1.2214253389975056
Switchgrass,RGB1,J587.C_D_T3.16.2023_I APPL 37,2023-04-10 14:35:46,1,2,0,2023-04-10_RgbImage_2023-04-10_14-35-46.png,Switchgrass_J587.C_D_T3.16.2023_I APPL 37,0.9559421142640536,2.8046434099996986
Switchgrass,RGB2,J587.C_D_T3.16.2023_I APPL 37,2023-04-10 14:35:06,1,2,0,2023-04-10_RgbImage_2023-04-10_14-35-05.png,Switchgrass_J587.C_D_T3.16.2023_I APPL 37,0.953371604640049,1.2500523600028828
Switchgrass,RGB1,J306.A_WW_T3.12.2023_I APPL 437,2023-04-12 12:14:51,1,2,1,2023-04-12_RgbImage_2023-04-12_12-14-51.png,Switchgrass_J306.A_WW_T3.12.2023_I APPL 437,0.9267220720034842,2.770808211000258
Switchgrass,RGB2,J306.A_WW_T3.12.2023_I APPL 437,2023-04-12 12:14:12,1,2,1,2023-04-12_RgbImage_2023-04-12_12-14-11.png,Switchgrass_J306.A_WW_T3.12.2023_I APPL 437,0.9608689028613936,1.243405774999701
Switchgrass,RGB1,J621.C_WW_T3.16.2023_I APPL 73,2023-04-17 10:07:22,1,2,1,2023-04-17_RgbImage_2023-04-17_10-07-22.png,Switchgrass_J621.C_WW_T3.16.2023_I APPL 73,0.9297198941797452,2.743446120999579
Switchgrass,RGB2,J621.C_WW_T3.16.2023_I APPL 73,2023-04-17 10:06:45,1,2,1,2023-04-17_RgbImage_2023-04-17_10-06-44.png,Switchgrass_J621.C_WW_T3.16.2023_I APPL 73,0.9400842835897368,1.2340462789979938
Switchgrass,RGB1,Rambo 5_D_T3.15.2023_I APPL 138,2023-04-16 13:55:15,1,2,1,2023-04-16_RgbImage_2023-04-16_13-55-15.png,Switchgrass_Rambo 5_D_T3.15.2023_I APPL 138,0.9010913756191494,2.765436404999491
Switchgrass,RGB2,Rambo 5_D_T3.15.2023_I APPL 138,2023-04-16 13:54:36,1,2,1,2023-04-16_RgbImage_2023-04-16_13-54-36.png,Switchgrass_Rambo 5_D_T3.15.2023_I APPL 138,0.9488200239831607,1.2325307539977075
Switchgrass,RGB1,AP13_D_I APPL 261,2022-12-06 11:41:05,1,2,2,2022-12-6_RgbImage_2022-12-06_11-41-04.png,Switchgrass_AP13_D_I APPL 261,0.9475254578221722,2.789159144998848
Switchgrass,RGB2,AP13_D_I APPL 261,2022-12-06 11:40:26,1,2,2,2022-12-6_RgbImage_2022-12-06_11-40-25.png,Switchgrass_AP13_D_I APPL 261,0.923381503280449,1.275636198999564
Switchgrass,RGB1,J008.D_Xtra_I APPL 122,2022-12-08 17:19:01,1,2,2,2022-12-8_RgbImage_2022-12-08_17-19-00.png,Switchgrass_J008.D_Xtra_I APPL 122,0.9253080743063702,2.783827975999884
Switchgrass,RGB2,J008.D_Xtra_I APPL 122,2022-12-08 17:18:22,1,2,2,2022-12-8_RgbImage_2022-12-08_17-18-21.png,Switchgrass_J008.D_Xtra_I APPL 122,0.9615182204425692,1.2630327309998393
Switchgrass,RGB1,J306.B_WW_T3.12.2023_I APPL 517,2023-03-29 07:19:54,1,2,2,2023-03-29_RgbImage_2023-03-29_07-19-53.png,Switchgrass_J306.B_WW_T3.12.2023_I APPL 517,0.9612117459623776,2.76101963399924
Switchgrass,RGB2,J306.B_WW_T3.12.2023_I APPL 517,2023-03-29 07:19:14,1,2,2,2023-03-29_RgbImage_2023-03-29_07-19-14.png,Switchgrass_J306.B_WW_T3.12.2023_I APPL 517,0.9111475356631821,1.2388014890020713
Switchgrass,RGB1,J215.A_D_I APPL 121,2022-11-30 16:33:11,1,2,3,2022-11-30_RgbImage_2022-11-30_16-33-11.png,Switchgrass_J215.A_D_I APPL 121,0.9214458002695233,2.81640551700184
Switchgrass,RGB2,J215.A_D_I APPL 121,2022-11-30 16:31:50,1,2,3,2022-11-30_RgbImage_2022-11-30_16-31-50.png,Switchgrass_J215.A_D_I APPL 121,0.8820482680101134,1.2605752449999272
Switchgrass,RGB1,J215.A_D_I APPL 4,2022-11-30 10:45:17,1,2,3,2022-11-30_RgbImage_2022-11-30_10-45-16.png,Switchgrass_J215.A_D_I APPL 4,0.967155251387764,2.7963465029970394
Switchgrass,RGB2,J215.A_D_I APPL 4,2022-11-30 10:43:17,1,2,3,2022-11-30_RgbImage_2022-11-30_10-43-16.png,Switchgrass_J215.A_D_I APPL 4,0.9433412258759418,1.2481374100025278
Switchgrass,RGB1,J215.A_WW_I APPL 131,2022-12-11 15:14:55,1,2,3,2022-12-11_RgbImage_2022-12-11_15-14-55.png,Switchgrass_J215.A_WW_I APPL 131,0.9487058657213535,2.7549751059996197
Switchgrass,RGB2,J215.A_WW_I APPL 131,2022-12-11 15:13:36,1,2,3,2022-12-11_RgbImage_2022-12-11_15-13-35.png,Switchgrass_J215.A_WW_I APPL 131,0.9544703146455739,1.2324693959999422
Switchgrass,RGB1,J618.A_WW_T3.14.2023_I APPL 255,2023-04-15 11:30:34,1,2,3,2023-04-15_RgbImage_2023-04-15_11-30-33.png,Switchgrass_J618.A_WW_T3.14.2023_I APPL 255,0.9647775408084128,2.730663064001419
Switchgrass,RGB2,J618.A_WW_T3.14.2023_I APPL 255,2023-04-15 11:29:56,1,2,3,2023-04-15_RgbImage_2023-04-15_11-29-56.png,Switchgrass_J618.A_WW_T3.14.2023_I APPL 255,0.9499741866631816,1.2374024929995358
Switchgrass,RGB1,J215.A_D_I APPL 121,2022-11-27 16:33:59,1,2,4,2022-11-27_RgbImage_2022-11-27_16-33-59.png,Switchgrass_J215.A_D_I APPL 121,0.8910791003293919,2.7779914300008386
Switchgrass,RGB1,J215.A_D_I APPL 121,2022-12-08 16:30:26,1,2,4,2022-12-8_RgbImage_2022-12-08_16-30-25.png,Switchgrass_J215.A_D_I APPL 121,0.9141849222300586,2.743628524000087
Switchgrass,RGB2,J215.A_D_I APPL 121,2022-11-27 16:32:39,1,2,4,2022-11-27_RgbImage_2022-11-27_16-32-39.png,Switchgrass_J215.A_D_I APPL 121,0.8740482339939951,1.2237058600003365
Switchgrass,RGB2,J215.A_D_I APPL 121,2022-12-08 16:29:07,1,2,4,2022-12-8_RgbImage_2022-12-08_16-29-07.png,Switchgrass_J215.A_D_I APPL 121,0.9063442827978269,1.2673563749995083
Switchgrass,RGB1,J215.A_WW_I APPL 21,2022-12-11 12:14:41,1,2,4,2022-12-11_RgbImage_2022-12-11_12-14-41.png,Switchgrass_J215.A_WW_I APPL 21,0.932694133284301,2.746597286000906
Switchgrass,RGB2,J215.A_WW_I APPL 21,2022-12-11 12:12:36,1,2,4,2022-12-11_RgbImage_2022-12-11_12-12-35.png,Switchgrass_J215.A_WW_I APPL 21,0.8285098850513232,1.2319364600007248
Switchgrass,RGB1,VS16_D_I APPL 124,2022-12-15 16:53:50,1,2,4,2022-12-15_RgbImage_2022-12-15_16-53-50.png,Switchgrass_VS16_D_I APPL 124,0.9342346976271747,2.7353967810013273
Switchgrass,RGB2,VS16_D_I APPL 124,2022-12-15 16:51:46,1,2,4,2022-12-15_RgbImage_2022-12-15_16-51-45.png,Switchgrass_VS16_D_I APPL 124,0.9484898435649282,1.2288350760027242
Switchgrass,RGB1,J008.B_WW_T3.13.2023_I APPL 330,2023-04-14 19:05:41,1,3,0,2023-04-14_RgbImage_2023-04-14_19-05-41.png,Switchgrass_J008.B_WW_T3.13.2023_I APPL 330,0.9677839106457938,2.7553913629999442
Switchgrass,RGB2,J008.B_WW_T3.13.2023_I APPL 330,2023-04-14 19:05:10,1,3,0,2023-04-14_RgbImage_2023-04-14_19-05-10.png,Switchgrass_J008.B_WW_T3.13.2023_I APPL 330,0.8879295568104526,1.223253003998252
Switchgrass,RGB1,J484.A_D_T3.16.2023_I APPL 50,2023-04-17 13:02:39,1,3,0,2023-04-17_RgbImage_2023-04-17_13-02-39.png,Switchgrass_J484.A_D_T3.16.2023_I APPL 50,0.9226981442501329,2.822342830000707
Switchgrass,RGB2,J484.A_D_T3.16.2023_I APPL 50,2023-04-17 13:02:00,1,3,0,2023-04-17_RgbImage_2023-04-17_13-01-59.png,Switchgrass_J484.A_D_T3.16.2023_I APPL 50,0.9444657320673802,1.2522055500012357
Switchgrass,RGB1,J587.C_D_T3.16.2023_I APPL 37,2023-04-17 14:33:58,1,3,0,2023-04-17_RgbImage_2023-04-17_14-33-57.png,Switchgrass_J587.C_D_T3.16.2023_I APPL 37,0.9486436543724691,2.7474855450018367
Switchgrass,RGB2,J587.C_D_T3.16.2023_I APPL 37,2023-04-17 14:33:20,1,3,0,2023-04-17_RgbImage_2023-04-17_14-33-19.png,Switchgrass_J587.C_D_T3.16.2023_I APPL 37,0.905467418382654,1.2599060490028933
Switchgrass,RGB1,AP13_D_I APPL 261,2022-12-16 11:40:58,1,3,1,2022-12-16_RgbImage_2022-12-16_11-40-58.png,Switchgrass_AP13_D_I APPL 261,0.9629023496325892,2.7287461060004716
Switchgrass,RGB2,AP13_D_I APPL 261,2022-12-16 11:39:42,1,3,1,2022-12-16_RgbImage_2022-12-16_11-39-42.png,Switchgrass_AP13_D_I APPL 261,0.9354425399266004,1.230223411002953
Switchgrass,RGB1,J216.A_WW_T3.14.2023_I APPL 209,2023-04-15 17:18:06,1,3,1,2023-04-15_RgbImage_2023-04-15_17-18-05.png,Switchgrass_J216.A_WW_T3.14.2023_I APPL 209,0.9765959881809785,2.8308884560028673
Switchgrass,RGB2,J216.A_WW_T3.14.2023_I APPL 209,2023-04-15 17:17:33,1,3,1,2023-04-15_RgbImage_2023-04-15_17-17-32.png,Switchgrass_J216.A_WW_T3.14.2023_I APPL 209,0.9626589620680525,1.25195063800129
Switchgrass,RGB1,VS16_D_I APPL 60,2023-02-04 13:13:21,1,3,1,2023-02-4_RgbImage_2023-02-04_13-13-20.png,Switchgrass_VS16_D_I APPL 60,0.9396178139174434,2.766151774998434
Switchgrass,RGB1,VS16_D_I APPL 60,2023-01-23 13:34:16,1,3,1,2023-01-23_RgbImage_2023-01-23_13-34-15.png,Switchgrass_VS16_D_I APPL 60,0.9441943810403375,2.799463172999822
Switchgrass,RGB2,VS16_D_I APPL 60,2023-02-04 13:11:22,1,3,1,2023-02-4_RgbImage_2023-02-04_13-11-21.png,Switchgrass_VS16_D_I APPL 60,0.5916331802555135,1.2276564480016532
Switchgrass,RGB2,VS16_D_I APPL 60,2023-01-23 13:32:16,1,3,1,2023-01-23_RgbImage_2023-01-23_13-32-15.png,Switchgrass_VS16_D_I APPL 60,0.5477780262659577,1.3080166859981546
Switchgrass,RGB1,AP13_D_I APPL 261,2022-12-15 11:40:59,1,3,2,2022-12-15_RgbImage_2022-12-15_11-40-58.png,Switchgrass_AP13_D_I APPL 261,0.9634807804851501,2.7589252129982924
Switchgrass,RGB2,AP13_D_I APPL 261,2022-12-15 11:39:41,1,3,2,2022-12-15_RgbImage_2022-12-15_11-39-41.png,Switchgrass_AP13_D_I APPL 261,0.9401031127382933,1.2321325000011711
Switchgrass,RGB1,J215.A_WW_I APPL 131,2022-12-06 15:17:05,1,3,2,2022-12-6_RgbImage_2022-12-06_15-17-04.png,Switchgrass_J215.A_WW_I APPL 131,0.9310613851561131,2.7814324149985623
Switchgrass,RGB2,J215.A_WW_I APPL 131,2022-12-06 15:15:03,1,3,2,2022-12-6_RgbImage_2022-12-06_15-15-03.png,Switchgrass_J215.A_WW_I APPL 131,0.899756708157333,1.2304941129987128
Switchgrass,RGB1,J477.B_D_T3.16.2023_I APPL 68,2023-04-02 10:51:30,1,3,2,2023-04-2_RgbImage_2023-04-02_10-51-29.png,Switchgrass_J477.B_D_T3.16.2023_I APPL 68,0.9395694810502151,2.830259746999218
Switchgrass,RGB2,J477.B_D_T3.16.2023_I APPL 68,2023-04-02 10:50:48,1,3,2,2023-04-2_RgbImage_2023-04-02_10-50-48.png,Switchgrass_J477.B_D_T3.16.2023_I APPL 68,0.9320546930258642,1.2487997710013587
Switchgrass,RGB1,J182.A_WW_T3.13.2023_I APPL 385,2023-03-30 07:26:15,1,3,3,2023-03-30_RgbImage_2023-03-30_07-26-14.png,Switchgrass_J182.A_WW_T3.13.2023_I APPL 385,0.9412907245219099,2.762309189998632
Switchgrass,RGB2,J182.A_WW_T3.13.2023_I APPL 385,2023-03-30 07:25:32,1,3,3,2023-03-30_RgbImage_2023-03-30_07-25-32.png,Switchgrass_J182.A_WW_T3.13.2023_I APPL 385,0.9335985982344017,1.2376961189984286
Switchgrass,RGB1,J215.A_WW_I APPL 221,2022-11-25 14:20:42,1,3,3,2022-11-25_RgbImage_2022-11-25_14-20-42.png,Switchgrass_J215.A_WW_I APPL 221,0.9519541132344068,2.786674254002719
Switchgrass,RGB2,J215.A_WW_I APPL 221,2022-11-25 14:20:03,1,3,3,2022-11-25_RgbImage_2022-11-25_14-20-03.png,Switchgrass_J215.A_WW_I APPL 221,0.9242158854731728,1.2555158690011012
Switchgrass,RGB1,J335.A_WW_T3.13.2023_I APPL 383,2023-04-06 07:42:46,1,3,3,2023-04-6_RgbImage_2023-04-06_07-42-46.png,Switchgrass_J335.A_WW_T3.13.2023_I APPL 383,0.9523079257825358,2.7448909289996664
Switchgrass,RGB2,J335.A_WW_T3.13.2023_I APPL 383,2023-04-06 07:42:05,1,3,3,2023-04-6_RgbImage_2023-04-06_07-42-05.png,Switchgrass_J335.A_WW_T3.13.2023_I APPL 383,0.9543699218395012,1.2393647429998964
Switchgrass,RGB1,J502.A_D_T3.15.2023_I APPL 148,2023-04-24 12:47:58,1,3,3,2023-04-24_RgbImage_2023-04-24_12-47-58.png,Switchgrass_J502.A_D_T3.15.2023_I APPL 148,0.9403405408597144,2.7991979620019265
Switchgrass,RGB2,J502.A_D_T3.15.2023_I APPL 148,2023-04-24 12:47:17,1,3,3,2023-04-24_RgbImage_2023-04-24_12-47-17.png,Switchgrass_J502.A_D_T3.15.2023_I APPL 148,0.9240426867557141,1.2607841479984927
Switchgrass,RGB1,J461.B_D_T3.13.2023_I APPL 295,2023-04-28 18:24:03,1,3,4,2023-04-28_RgbImage_2023-04-28_18-24-03.png,Switchgrass_J461.B_D_T3.13.2023_I APPL 295,0.9586568003077419,2.761296296001092
Switchgrass,RGB2,J461.B_D_T3.13.2023_I APPL 295,2023-04-28 18:23:26,1,3,4,2023-04-28_RgbImage_2023-04-28_18-23-25.png,Switchgrass_J461.B_D_T3.13.2023_I APPL 295,0.9418143837662136,1.2281537080016278
Switchgrass,RGB1,J498.B_D_T3.14.2023_I APPL 257,2023-05-05 11:14:04,1,3,4,2023-05-5_RgbImage_2023-05-05_11-14-04.png,Switchgrass_J498.B_D_T3.14.2023_I APPL 257,0.9543357139414427,2.7855720299994573
Switchgrass,RGB2,J498.B_D_T3.14.2023_I APPL 257,2023-05-05 11:13:26,1,3,4,2023-05-5_RgbImage_2023-05-05_11-13-25.png,Switchgrass_J498.B_D_T3.14.2023_I APPL 257,0.945070024908167,1.2620852689979074
Switchgrass,RGB1,J502.A_D_T3.15.2023_I APPL 148,2023-04-08 12:50:25,1,3,4,2023-04-8_RgbImage_2023-04-08_12-50-24.png,Switchgrass_J502.A_D_T3.15.2023_I APPL 148,0.9258747817940404,2.7672745270028827
Switchgrass,RGB2,J502.A_D_T3.15.2023_I APPL 148,2023-04-08 12:49:44,1,3,4,2023-04-8_RgbImage_2023-04-08_12-49-43.png,Switchgrass_J502.A_D_T3.15.2023_I APPL 148,0.9257571583001133,1.240588807999302
Switchgrass,RGB1,VS16_D_I APPL 2,2022-11-30 11:35:01,1,3,4,2022-11-30_RgbImage_2022-11-30_11-35-01.png,Switchgrass_VS16_D_I APPL 2,0.9677221866922062,2.8314731910031696
Switchgrass,RGB2,VS16_D_I APPL 2,2022-11-30 11:32:59,1,3,4,2022-11-30_RgbImage_2022-11-30_11-32-58.png,Switchgrass_VS16_D_I APPL 2,0.9721930336642722,1.2498671280009148
Switchgrass,RGB1,J026.B_WW_T3.16.2023_I APPL 20,2023-04-10 16:41:58,1,4,0,2023-04-10_RgbImage_2023-04-10_16-41-58.png,Switchgrass_J026.B_WW_T3.16.2023_I APPL 20,0.9659638183269965,2.8162206440028967
Switchgrass,RGB2,J026.B_WW_T3.16.2023_I APPL 20,2023-04-10 16:41:20,1,4,0,2023-04-10_RgbImage_2023-04-10_16-41-19.png,Switchgrass_J026.B_WW_T3.16.2023_I APPL 20,0.9149234418810995,1.2372018130008655
Switchgrass,RGB1,J279.A_D_T3.12.2023_I APPL 397,2023-04-26 17:05:20,1,4,0,2023-04-26_RgbImage_2023-04-26_17-05-19.png,Switchgrass_J279.A_D_T3.12.2023_I APPL 397,0.9415172497206693,2.7661871609998343
Switchgrass,RGB2,J279.A_D_T3.12.2023_I APPL 397,2023-04-26 17:04:40,1,4,0,2023-04-26_RgbImage_2023-04-26_17-04-39.png,Switchgrass_J279.A_D_T3.12.2023_I APPL 397,0.9255982023859501,1.2347036610008217
Switchgrass,RGB1,J317.A_D_I APPL 6,2022-12-17 10:27:23,1,4,0,2022-12-17_RgbImage_2022-12-17_10-27-22.png,Switchgrass_J317.A_D_I APPL 6,0.9563755891839155,2.807661853003083
Switchgrass,RGB2,J317.A_D_I APPL 6,2022-12-17 10:26:09,1,4,0,2022-12-17_RgbImage_2022-12-17_10-26-08.png,Switchgrass_J317.A_D_I APPL 6,0.9495788768455555,1.246938901997055
Switchgrass,RGB1,J614.B_D_T3.14.2023_I APPL 230,2023-04-22 14:40:18,1,4,0,2023-04-22_RgbImage_2023-04-22_14-40-17.png,Switchgrass_J614.B_D_T3.14.2023_I APPL 230,0.9407732783558189,2.763376626997342
Switchgrass,RGB2,J614.B_D_T3.14.2023_I APPL 230,2023-04-22 14:39:40,1,4,0,2023-04-22_RgbImage_2023-04-22_14-39-39.png,Switchgrass_J614.B_D_T3.14.2023_I APPL 230,0.9345243520802226,1.2288724860009097
Switchgrass,RGB1,J008.D_WW_I APPL 15,2022-11-30 10:19:15,1,4,1,2022-11-30_RgbImage_2022-11-30_10-19-15.png,Switchgrass_J008.D_WW_I APPL 15,0.9719129134121722,2.7426037639997958
Switchgrass,RGB1,J008.D_WW_I APPL 15,2022-11-29 10:19:17,1,4,1,2022-11-29_RgbImage_2022-11-29_10-19-17.png,Switchgrass_J008.D_WW_I APPL 15,0.9758957100683042,2.7811094930002582
Switchgrass,RGB2,J008.D_WW_I APPL 15,2022-11-30 10:18:30,1,4,1,2022-11-30_RgbImage_2022-11-30_10-18-30.png,Switchgrass_J008.D_WW_I APPL 15,0.9627398267907094,1.2389329170000565
Switchgrass,RGB2,J008.D_WW_I APPL 15,2022-11-29 10:18:31,1,4,1,2022-11-29_RgbImage_2022-11-29_10-18-31.png,Switchgrass_J008.D_WW_I APPL 15,0.95870990607851,1.2552944199997
Switchgrass,RGB1,J317.A_WW_I APPL 225,2022-12-11 14:50:54,1,4,1,2022-12-11_RgbImage_2022-12-11_14-50-53.png,Switchgrass_J317.A_WW_I APPL 225,0.9596352306407488,2.7679062399984105
Switchgrass,RGB2,J317.A_WW_I APPL 225,2022-12-11 14:48:56,1,4,1,2022-12-11_RgbImage_2022-12-11_14-48-55.png,Switchgrass_J317.A_WW_I APPL 225,0.9309556906521088,1.2742809749979642
Switchgrass,RGB1,J008.D_D_I APPL 338,2022-12-15 11:57:21,1,4,2,2022-12-15_RgbImage_2022-12-15_11-57-21.png,Switchgrass_J008.D_D_I APPL 338,0.9574362917401867,2.75288306800212
Switchgrass,RGB2,J008.D_D_I APPL 338,2022-12-15 11:56:01,1,4,2,2022-12-15_RgbImage_2022-12-15_11-56-00.png,Switchgrass_J008.D_D_I APPL 338,0.9745587661519441,1.2320349750007153
Switchgrass,RGB1,J303.A_WW_T3.15.2023_I APPL 152,2023-04-24 12:14:21,1,4,2,2023-04-24_RgbImage_2023-04-24_12-14-21.png,Switchgrass_J303.A_WW_T3.15.2023_I APPL 152,0.9549730927946779,2.8149496910009475
Switchgrass,RGB2,J303.A_WW_T3.15.2023_I APPL 152,2023-04-24 12:13:44,1,4,2,2023-04-24_RgbImage_2023-04-24_12-13-44.png,Switchgrass_J303.A_WW_T3.15.2023_I APPL 152,0.8986216596347931,1.260979837999912
Switchgrass,RGB1,J586.A_WW_T3.14.2023_I APPL 215,2023-04-07 16:34:22,1,4,2,2023-04-7_RgbImage_2023-04-07_16-34-22.png,Switchgrass_J586.A_WW_T3.14.2023_I APPL 215,0.9676395802744417,2.765764030002174
Switchgrass,RGB2,J586.A_WW_T3.14.2023_I APPL 215,2023-04-07 16:33:47,1,4,2,2023-04-7_RgbImage_2023-04-07_16-33-47.png,Switchgrass_J586.A_WW_T3.14.2023_I APPL 215,0.9408401118956569,1.2291081109979132
Switchgrass,RGB1,J248.A_WW_T3.13.2023_I APPL 368,2023-03-30 09:31:27,1,4,3,2023-03-30_RgbImage_2023-03-30_09-31-26.png,Switchgrass_J248.A_WW_T3.13.2023_I APPL 368,0.9543066753351225,2.8090524610015564
Switchgrass,RGB1,J248.A_WW_T3.13.2023_I APPL 368,2023-04-06 09:30:54,1,4,3,2023-04-6_RgbImage_2023-04-06_09-30-53.png,Switchgrass_J248.A_WW_T3.13.2023_I APPL 368,0.9452914553870965,2.775387953999598
Switchgrass,RGB2,J248.A_WW_T3.13.2023_I APPL 368,2023-03-30 09:30:49,1,4,3,2023-03-30_RgbImage_2023-03-30_09-30-48.png,Switchgrass_J248.A_WW_T3.13.2023_I APPL 368,0.858513825931855,1.2045585779997054
Switchgrass,RGB2,J248.A_WW_T3.13.2023_I APPL 368,2023-04-06 09:30:17,1,4,3,2023-04-6_RgbImage_2023-04-06_09-30-17.png,Switchgrass_J248.A_WW_T3.13.2023_I APPL 368,0.8905897245935948,1.2442665589987882
Switchgrass,RGB1,J587.B_WW_T3.15.2023_I APPL 164,2023-04-16 10:52:01,1,4,3,2023-04-16_RgbImage_2023-04-16_10-52-00.png,Switchgrass_J587.B_WW_T3.15.2023_I APPL 164,0.9646871005965492,2.7100104429991916
Switchgrass,RGB2,J587.B_WW_T3.15.2023_I APPL 164,2023-04-16 10:51:25,1,4,3,2023-04-16_RgbImage_2023-04-16_10-51-25.png,Switchgrass_J587.B_WW_T3.15.2023_I APPL 164,0.9544415045812853,1.2166074980013946
Switchgrass,RGB1,VS16_D_I APPL 2,2022-11-27 11:34:38,1,4,3,2022-11-27_RgbImage_2022-11-27_11-34-38.png,Switchgrass_VS16_D_I APPL 2,0.9396646264311522,2.7395275669987313
Switchgrass,RGB2,VS16_D_I APPL 2,2022-11-27 11:33:18,1,4,3,2022-11-27_RgbImage_2022-11-27_11-33-17.png,Switchgrass_VS16_D_I APPL 2,0.972003450867086,1.2499247880004987
Switchgrass,RGB1,VS16_WW_I APPL 10,2022-12-17 11:49:10,1,4,4,2022-12-17_RgbImage_2022-12-17_11-49-09.png,Switchgrass_VS16_WW_I APPL 10,0.9425095202421743,2.795452168000338
Switchgrass,RGB1,VS16_WW_I APPL 10,2022-12-16 11:49:10,1,4,4,2022-12-16_RgbImage_2022-12-16_11-49-10.png,Switchgrass_VS16_WW_I APPL 10,0.9582952173775446,2.753701383000589
Switchgrass,RGB2,VS16_WW_I APPL 10,2022-12-17 11:47:49,1,4,4,2022-12-17_RgbImage_2022-12-17_11-47-49.png,Switchgrass_VS16_WW_I APPL 10,0.9668530864878532,1.2164567030013131
Switchgrass,RGB2,VS16_WW_I APPL 10,2022-12-16 11:47:51,1,4,4,2022-12-16_RgbImage_2022-12-16_11-47-50.png,Switchgrass_VS16_WW_I APPL 10,0.9639332386230844,1.2297154700027022
Switchgrass,RGB1,AP13_WW_I APPL 133,2022-12-30 13:52:09,2,0,0,2022-12-30_RgbImage_2022-12-30_13-52-09.png,Switchgrass_AP13_WW_I APPL 133,0.95652837031187,2.7738255509975716
Switchgrass,RGB2,AP13_WW_I APPL 133,2022-12-30 13:50:51,2,0,0,2022-12-30_RgbImage_2022-12-30_13-50-50.png,Switchgrass_AP13_WW_I APPL 133,0.95853276414716,1.232895250999718
Switchgrass,RGB1,J250.C_D_T3.13.2023_I APPL 358,2023-04-06 10:39:04,2,0,0,2023-04-6_RgbImage_2023-04-06_10-39-04.png,Switchgrass_J250.C_D_T3.13.2023_I APPL 358,0.9539115471544525,2.73646456500137
Switchgrass,RGB2,J250.C_D_T3.13.2023_I APPL 358,2023-04-06 10:38:23,2,0,0,2023-04-6_RgbImage_2023-04-06_10-38-23.png,Switchgrass_J250.C_D_T3.13.2023_I APPL 358,0.9570065446467594,1.2406737570017867
Switchgrass,RGB1,J458.C_D_T3.15.2023_I APPL 120,2023-04-16 16:07:58,2,0,1,2023-04-16_RgbImage_2023-04-16_16-07-58.png,Switchgrass_J458.C_D_T3.15.2023_I APPL 120,0.9573637539473605,2.774142219001078
Switchgrass,RGB2,J458.C_D_T3.15.2023_I APPL 120,2023-04-16 16:07:23,2,0,1,2023-04-16_RgbImage_2023-04-16_16-07-22.png,Switchgrass_J458.C_D_T3.15.2023_I APPL 120,0.9259603285972321,1.2623867879992758
Switchgrass,RGB1,J466.A_WW_T3.15.2023_I APPL 107,2023-04-24 17:54:55,2,0,1,2023-04-24_RgbImage_2023-04-24_17-54-54.png,Switchgrass_J466.A_WW_T3.15.2023_I APPL 107,0.9624835382511864,2.7666100679998635
Switchgrass,RGB2,J466.A_WW_T3.15.2023_I APPL 107,2023-04-24 17:54:22,2,0,1,2023-04-24_RgbImage_2023-04-24_17-54-21.png,Switchgrass_J466.A_WW_T3.15.2023_I APPL 107,0.9348787565242507,1.2324776710011065
Switchgrass,RGB1,J598.B_WW_T3.14.2023_I APPL 238,2023-04-15 13:35:02,2,0,1,2023-04-15_RgbImage_2023-04-15_13-35-02.png,Switchgrass_J598.B_WW_T3.14.2023_I APPL 238,0.9621184670941934,2.7913698480006133
Switchgrass,RGB2,J598.B_WW_T3.14.2023_I APPL 238,2023-04-15 13:34:33,2,0,1,2023-04-15_RgbImage_2023-04-15_13-34-32.png,Switchgrass_J598.B_WW_T3.14.2023_I APPL 238,0.9087795927420425,1.2665655979981238
Switchgrass,RGB1,J602.A_D_T3.14.2023_I APPL 288,2023-04-22 07:28:51,2,0,2,2023-04-22_RgbImage_2023-04-22_07-28-50.png,Switchgrass_J602.A_D_T3.14.2023_I APPL 288,0.966571592944085,2.804499550999026
Switchgrass,RGB2,J602.A_D_T3.14.2023_I APPL 288,2023-04-22 07:28:14,2,0,2,2023-04-22_RgbImage_2023-04-22_07-28-14.png,Switchgrass_J602.A_D_T3.14.2023_I APPL 288,0.921669460001031,1.224327052001172
Switchgrass,RGB1,J215.A_WW_I APPL 152,2022-12-30 13:44:01,2,0,3,2022-12-30_RgbImage_2022-12-30_13-44-00.png,Switchgrass_J215.A_WW_I APPL 152,0.9710045291592573,2.7974142160019255
Switchgrass,RGB2,J215.A_WW_I APPL 152,2022-12-30 13:42:44,2,0,3,2022-12-30_RgbImage_2022-12-30_13-42-43.png,Switchgrass_J215.A_WW_I APPL 152,0.9689921367423496,1.2308357559995784
Switchgrass,RGB1,J502.C_WW_T3.13.2023_I APPL 291,2023-04-06 19:04:24,2,0,3,2023-04-6_RgbImage_2023-04-06_19-04-23.png,Switchgrass_J502.C_WW_T3.13.2023_I APPL 291,0.9448926803366698,2.7742295829993964
Switchgrass,RGB2,J502.C_WW_T3.13.2023_I APPL 291,2023-04-06 19:03:44,2,0,3,2023-04-6_RgbImage_2023-04-06_19-03-43.png,Switchgrass_J502.C_WW_T3.13.2023_I APPL 291,0.9452103832276569,1.2384092749998672
Switchgrass,RGB1,J609.A_WW_T3.15.2023_I APPL 125,2023-04-30 15:41:07,2,0,3,2023-04-30_RgbImage_2023-04-30_15-41-07.png,Switchgrass_J609.A_WW_T3.15.2023_I APPL 125,0.9703252656749903,2.8120292960011284
Switchgrass,RGB2,J609.A_WW_T3.15.2023_I APPL 125,2023-04-30 15:40:32,2,0,3,2023-04-30_RgbImage_2023-04-30_15-40-32.png,Switchgrass_J609.A_WW_T3.15.2023_I APPL 125,0.9401320676849355,1.2365925500016601
Switchgrass,RGB1,J618.A_D_T3.14.2023_I APPL 243,2023-04-29 13:09:19,2,0,3,2023-04-29_RgbImage_2023-04-29_13-09-19.png,Switchgrass_J618.A_D_T3.14.2023_I APPL 243,0.9315280816925856,2.7953806609984895
Switchgrass,RGB2,J618.A_D_T3.14.2023_I APPL 243,2023-04-29 13:08:38,2,0,3,2023-04-29_RgbImage_2023-04-29_13-08-38.png,Switchgrass_J618.A_D_T3.14.2023_I APPL 243,0.9098372523472609,1.233764002998214
Switchgrass,RGB1,J181.A_WW_T3.13.2023_I APPL 310,2023-05-04 21:11:39,2,0,4,2023-05-4_RgbImage_2023-05-04_21-11-39.png,Switchgrass_J181.A_WW_T3.13.2023_I APPL 310,0.9729164553952503,2.802060750000237
Switchgrass,RGB2,J181.A_WW_T3.13.2023_I APPL 310,2023-05-04 21:11:05,2,0,4,2023-05-4_RgbImage_2023-05-04_21-11-04.png,Switchgrass_J181.A_WW_T3.13.2023_I APPL 310,0.9611671152782704,1.2465060129979975
Switchgrass,RGB1,J182.A_WW_T3.13.2023_I APPL 385,2023-04-28 07:26:03,2,0,4,2023-04-28_RgbImage_2023-04-28_07-26-03.png,Switchgrass_J182.A_WW_T3.13.2023_I APPL 385,0.9603696632563724,2.8051357039985305
Switchgrass,RGB2,J182.A_WW_T3.13.2023_I APPL 385,2023-04-28 07:25:28,2,0,4,2023-04-28_RgbImage_2023-04-28_07-25-27.png,Switchgrass_J182.A_WW_T3.13.2023_I APPL 385,0.9439572608317977,1.2658183639978233
Switchgrass,RGB1,AP13_WW_I APPL 133,2023-01-07 13:56:34,2,1,0,2023-01-7_RgbImage_2023-01-07_13-56-34.png,Switchgrass_AP13_WW_I APPL 133,0.9471981104223273,2.81360856199899
Switchgrass,RGB2,AP13_WW_I APPL 133,2023-01-07 13:55:24,2,1,0,2023-01-7_RgbImage_2023-01-07_13-55-23.png,Switchgrass_AP13_WW_I APPL 133,0.9332170470472761,1.2364200340016396
Switchgrass,RGB1,J251.B_D_T3.12.2023_I APPL 438,2023-04-05 14:27:51,2,1,0,2023-04-5_RgbImage_2023-04-05_14-27-50.png,Switchgrass_J251.B_D_T3.12.2023_I APPL 438,0.9666814662775906,2.7692230569991807
Switchgrass,RGB2,J251.B_D_T3.12.2023_I APPL 438,2023-04-05 14:27:18,2,1,0,2023-04-5_RgbImage_2023-04-05_14-27-18.png,Switchgrass_J251.B_D_T3.12.2023_I APPL 438,0.915947704967237,1.2357483949999732
Switchgrass,RGB1,J418.A_D_T3.15.2023_I APPL 150,2023-04-24 12:31:05,2,1,0,2023-04-24_RgbImage_2023-04-24_12-31-05.png,Switchgrass_J418.A_D_T3.15.2023_I APPL 150,0.962923853522063,2.7744571229995927
Switchgrass,RGB2,J418.A_D_T3.15.2023_I APPL 150,2023-04-24 12:30:30,2,1,0,2023-04-24_RgbImage_2023-04-24_12-30-29.png,Switchgrass_J418.A_D_T3.15.2023_I APPL 150,0.9413775162369417,1.237727535997692
Switchgrass,RGB1,J008.D_Xtra_I APPL 122,2022-12-16 17:17:46,2,1,1,2022-12-16_RgbImage_2022-12-16_17-17-46.png,Switchgrass_J008.D_Xtra_I APPL 122,0.9627470275310833,2.76884189699922
Switchgrass,RGB2,J008.D_Xtra_I APPL 122,2022-12-16 17:16:27,2,1,1,2022-12-16_RgbImage_2022-12-16_17-16-27.png,Switchgrass_J008.D_Xtra_I APPL 122,0.968888247601273,1.2213252869987627
Switchgrass,RGB1,J009.C_WW_T3.15.2023_I APPL 155,2023-04-01 11:53:11,2,1,1,2023-04-1_RgbImage_2023-04-01_11-53-10.png,Switchgrass_J009.C_WW_T3.15.2023_I APPL 155,0.9683542221062632,2.782004902001063
Switchgrass,RGB2,J009.C_WW_T3.15.2023_I APPL 155,2023-04-01 11:52:37,2,1,1,2023-04-1_RgbImage_2023-04-01_11-52-37.png,Switchgrass_J009.C_WW_T3.15.2023_I APPL 155,0.9351654450464656,1.2477717549991212
Switchgrass,RGB1,J271.A_D_T3.13.2023_I APPL 298,2023-04-28 17:59:12,2,1,1,2023-04-28_RgbImage_2023-04-28_17-59-11.png,Switchgrass_J271.A_D_T3.13.2023_I APPL 298,0.9502480281231417,2.786058896999748
Switchgrass,RGB2,J271.A_D_T3.13.2023_I APPL 298,2023-04-28 17:58:35,2,1,1,2023-04-28_RgbImage_2023-04-28_17-58-34.png,Switchgrass_J271.A_D_T3.13.2023_I APPL 298,0.9431462963923404,1.2252676690004591
Switchgrass,RGB1,J312.A_WW_T3.12.2023_I APPL 486,2023-04-26 11:16:38,2,1,2,2023-04-26_RgbImage_2023-04-26_11-16-37.png,Switchgrass_J312.A_WW_T3.12.2023_I APPL 486,0.9572119745994137,2.859481217998109
Switchgrass,RGB2,J312.A_WW_T3.12.2023_I APPL 486,2023-04-26 11:16:04,2,1,2,2023-04-26_RgbImage_2023-04-26_11-16-03.png,Switchgrass_J312.A_WW_T3.12.2023_I APPL 486,0.9397202208986585,1.2262558570000692
Switchgrass,RGB1,J317.A_WW_I APPL 262,2022-12-21 13:01:30,2,1,2,2022-12-21_RgbImage_2022-12-21_13-01-29.png,Switchgrass_J317.A_WW_I APPL 262,0.9571285501258243,2.7975776940002106
Switchgrass,RGB2,J317.A_WW_I APPL 262,2022-12-21 13:00:54,2,1,2,2022-12-21_RgbImage_2022-12-21_13-00-53.png,Switchgrass_J317.A_WW_I APPL 262,0.9502515883101224,1.27412071100116
Switchgrass,RGB1,J458.C_D_T3.15.2023_I APPL 120,2023-04-30 16:05:58,2,1,2,2023-04-30_RgbImage_2023-04-30_16-05-57.png,Switchgrass_J458.C_D_T3.15.2023_I APPL 120,0.9809485545176229,2.7423855979977816
Switchgrass,RGB2,J458.C_D_T3.15.2023_I APPL 120,2023-04-30 16:05:24,2,1,2,2023-04-30_RgbImage_2023-04-30_16-05-23.png,Switchgrass_J458.C_D_T3.15.2023_I APPL 120,0.9294279057926603,1.2300037130007695
Switchgrass,RGB1,J601.B_D_T3.16.2023_I APPL 44,2023-05-02 13:52:03,2,1,2,2023-05-2_RgbImage_2023-05-02_13-52-03.png,Switchgrass_J601.B_D_T3.16.2023_I APPL 44,0.9679093123185663,2.7509327770021628
Switchgrass,RGB2,J601.B_D_T3.16.2023_I APPL 44,2023-05-02 13:51:27,2,1,2,2023-05-2_RgbImage_2023-05-02_13-51-27.png,Switchgrass_J601.B_D_T3.16.2023_I APPL 44,0.9424466953425976,1.2224984539971047
Switchgrass,RGB1,J215.A_D_I APPL 146,2023-01-01 14:38:26,2,1,3,2023-01-1_RgbImage_2023-01-01_14-38-25.png,Switchgrass_J215.A_D_I APPL 146,0.9095820580133338,2.7960595730000932
Switchgrass,RGB2,J215.A_D_I APPL 146,2023-01-01 14:36:29,2,1,3,2023-01-1_RgbImage_2023-01-01_14-36-29.png,Switchgrass_J215.A_D_I APPL 146,0.9213742183385716,1.2564726939999673
Switchgrass,RGB1,J215.A_D_I APPL 4,2022-12-12 10:44:38,2,1,3,2022-12-12_RgbImage_2022-12-12_10-44-37.png,Switchgrass_J215.A_D_I APPL 4,0.9558352637298214,2.819766051998158
Switchgrass,RGB1,J215.A_D_I APPL 4,2022-12-02 10:44:32,2,1,3,2022-12-2_RgbImage_2022-12-02_10-44-31.png,Switchgrass_J215.A_D_I APPL 4,0.9576211139922802,2.8141489129993715
Switchgrass,RGB2,J215.A_D_I APPL 4,2022-12-12 10:42:36,2,1,3,2022-12-12_RgbImage_2022-12-12_10-42-36.png,Switchgrass_J215.A_D_I APPL 4,0.9600787797638967,1.2214255550024973
Switchgrass,RGB2,J215.A_D_I APPL 4,2022-12-02 10:43:13,2,1,3,2022-12-2_RgbImage_2022-12-02_10-43-13.png,Switchgrass_J215.A_D_I APPL 4,0.9148453649631985,1.2519482919997245
Switchgrass,RGB1,J215.A_WW_I APPL 131,2022-12-20 15:29:21,2,1,3,2022-12-20_RgbImage_2022-12-20_15-29-20.png,Switchgrass_J215.A_WW_I APPL 131,0.9676351250493017,2.799503914997331
Switchgrass,RGB2,J215.A_WW_I APPL 131,2022-12-20 15:28:01,2,1,3,2022-12-20_RgbImage_2022-12-20_15-28-01.png,Switchgrass_J215.A_WW_I APPL 131,0.940549822956626,1.2423404370019853
Switchgrass,RGB1,J215.A_WW_I APPL 152,2022-12-16 13:52:22,2,1,4,2022-12-16_RgbImage_2022-12-16_13-52-21.png,Switchgrass_J215.A_WW_I APPL 152,0.9659269463398501,2.8162174740027694
Switchgrass,RGB2,J215.A_WW_I APPL 152,2022-12-16 13:51:45,2,1,4,2022-12-16_RgbImage_2022-12-16_13-51-45.png,Switchgrass_J215.A_WW_I APPL 152,0.9529855628623106,1.2550630699988687
Switchgrass,RGB1,VS16_D_I APPL 402,2023-01-06 11:05:46,2,1,4,2023-01-6_RgbImage_2023-01-06_11-05-45.png,Switchgrass_VS16_D_I APPL 402,0.961212868710109,2.7443993340020825
Switchgrass,RGB2,VS16_D_I APPL 402,2023-01-06 11:05:12,2,1,4,2023-01-6_RgbImage_2023-01-06_11-05-12.png,Switchgrass_VS16_D_I APPL 402,0.9352578926417149,1.232639976999053
Switchgrass,RGB1,VS16_WW_I APPL 10,2022-12-29 15:57:15,2,1,4,2022-12-29_RgbImage_2022-12-29_15-57-15.png,Switchgrass_VS16_WW_I APPL 10,0.9675010054197298,2.800849417999416
Switchgrass,RGB2,VS16_WW_I APPL 10,2022-12-29 15:56:40,2,1,4,2022-12-29_RgbImage_2022-12-29_15-56-40.png,Switchgrass_VS16_WW_I APPL 10,0.9596455403337525,1.2445649219989718
Switchgrass,RGB1,VS16_Xtra_I APPL 129,2023-01-02 17:35:06,2,1,4,2023-01-2_RgbImage_2023-01-02_17-35-05.png,Switchgrass_VS16_Xtra_I APPL 129,0.9607857124660243,2.764677101000416
Switchgrass,RGB2,VS16_Xtra_I APPL 129,2023-01-02 17:33:46,2,1,4,2023-01-2_RgbImage_2023-01-02_17-33-46.png,Switchgrass_VS16_Xtra_I APPL 129,0.9623134584967572,1.230631660000654
Switchgrass,RGB1,J001.B_D_T3.13.2023_I APPL 375,2023-04-14 13:27:22,2,2,0,2023-04-14_RgbImage_2023-04-14_13-27-22.png,Switchgrass_J001.B_D_T3.13.2023_I APPL 375,0.951433867547611,2.804420799999207
Switchgrass,RGB2,J001.B_D_T3.13.2023_I APPL 375,2023-04-14 13:26:52,2,2,0,2023-04-14_RgbImage_2023-04-14_13-26-52.png,Switchgrass_J001.B_D_T3.13.2023_I APPL 375,0.9100894139565107,1.2356783720024396
Switchgrass,RGB1,J008.D_Xtra_I APPL 122,2022-12-31 17:11:32,2,2,0,2022-12-31_RgbImage_2022-12-31_17-11-31.png,Switchgrass_J008.D_Xtra_I APPL 122,0.9676563243544353,2.8459921650028264
Switchgrass,RGB2,J008.D_Xtra_I APPL 122,2022-12-31 17:10:21,2,2,0,2022-12-31_RgbImage_2022-12-31_17-10-21.png,Switchgrass_J008.D_Xtra_I APPL 122,0.9567093112889608,1.3040471390013408
Switchgrass,RGB1,J276.A_D_T3.12.2023_I APPL 426,2023-04-05 16:06:52,2,2,0,2023-04-5_RgbImage_2023-04-05_16-06-52.png,Switchgrass_J276.A_D_T3.12.2023_I APPL 426,0.9673752095408443,2.8039268659995287
Switchgrass,RGB2,J276.A_D_T3.12.2023_I APPL 426,2023-04-05 16:06:15,2,2,0,2023-04-5_RgbImage_2023-04-05_16-06-14.png,Switchgrass_J276.A_D_T3.12.2023_I APPL 426,0.9620472634697821,1.224397072001011
Switchgrass,RGB1,J003.F_D_T3.14.2023_I APPL 256,2023-04-15 11:22:18,2,2,1,2023-04-15_RgbImage_2023-04-15_11-22-18.png,Switchgrass_J003.F_D_T3.14.2023_I APPL 256,0.9530583545437675,2.7787060730006488
Switchgrass,RGB2,J003.F_D_T3.14.2023_I APPL 256,2023-04-15 11:21:42,2,2,1,2023-04-15_RgbImage_2023-04-15_11-21-42.png,Switchgrass_J003.F_D_T3.14.2023_I APPL 256,0.9459887433520199,1.2462036500000977
Switchgrass,RGB1,J008.D_D_I APPL 125,2022-12-19 16:43:27,2,2,1,2022-12-19_RgbImage_2022-12-19_16-43-27.png,Switchgrass_J008.D_D_I APPL 125,0.9719176016662694,2.7963029819984513
Switchgrass,RGB2,J008.D_D_I APPL 125,2022-12-19 16:42:12,2,2,1,2022-12-19_RgbImage_2022-12-19_16-42-11.png,Switchgrass_J008.D_D_I APPL 125,0.9625737888379965,1.2473436450018198
Switchgrass,RGB1,J018.B_D_T3.13.2023_I APPL 345,2023-04-28 12:21:45,2,2,1,2023-04-28_RgbImage_2023-04-28_12-21-44.png,Switchgrass_J018.B_D_T3.13.2023_I APPL 345,0.9641337697855332,2.8269324800021423
Switchgrass,RGB2,J018.B_D_T3.13.2023_I APPL 345,2023-04-28 12:21:11,2,2,1,2023-04-28_RgbImage_2023-04-28_12-21-11.png,Switchgrass_J018.B_D_T3.13.2023_I APPL 345,0.9498678552789543,1.2515416819987877
Switchgrass,RGB1,J317.A_D_I APPL 132,2022-12-30 20:14:40,2,2,1,2022-12-30_RgbImage_2022-12-30_20-14-40.png,Switchgrass_J317.A_D_I APPL 132,0.9596554363676737,2.753490471000987
Switchgrass,RGB2,J317.A_D_I APPL 132,2022-12-30 20:12:45,2,2,1,2022-12-30_RgbImage_2022-12-30_20-12-45.png,Switchgrass_J317.A_D_I APPL 132,0.9550380962845184,1.2462032090006687
Switchgrass,RGB1,J215.A_D_I APPL 146,2023-01-05 14:37:57,2,2,2,2023-01-5_RgbImage_2023-01-05_14-37-57.png,Switchgrass_J215.A_D_I APPL 146,0.9513408659230322,2.8540555979998317
Switchgrass,RGB2,J215.A_D_I APPL 146,2023-01-05 14:36:02,2,2,2,2023-01-5_RgbImage_2023-01-05_14-36-02.png,Switchgrass_J215.A_D_I APPL 146,0.9074256424097429,1.253014195997821
Switchgrass,RGB1,J250.A_WW_T3.13.2023_I APPL 320,2023-04-14 20:11:18,2,2,2,2023-04-14_RgbImage_2023-04-14_20-11-18.png,Switchgrass_J250.A_WW_T3.13.2023_I APPL 320,0.9757538574125949,2.7719182500004536
Switchgrass,RGB2,J250.A_WW_T3.13.2023_I APPL 320,2023-04-14 20:10:44,2,2,2,2023-04-14_RgbImage_2023-04-14_20-10-43.png,Switchgrass_J250.A_WW_T3.13.2023_I APPL 320,0.9360179047360077,1.2457679159997497
Switchgrass,RGB1,J215.A_D_I APPL 4,2022-12-10 10:44:47,2,2,3,2022-12-10_RgbImage_2022-12-10_10-44-46.png,Switchgrass_J215.A_D_I APPL 4,0.9696059761021095,2.82327775000158
Switchgrass,RGB2,J215.A_D_I APPL 4,2022-12-10 10:42:46,2,2,3,2022-12-10_RgbImage_2022-12-10_10-42-45.png,Switchgrass_J215.A_D_I APPL 4,0.9641657072914323,1.2414196859972435
Switchgrass,RGB1,J215.A_Xtra_I APPL 138,2022-12-31 17:19:50,2,2,3,2022-12-31_RgbImage_2022-12-31_17-19-49.png,Switchgrass_J215.A_Xtra_I APPL 138,0.9604335870956584,2.826172962999408
Switchgrass,RGB2,J215.A_Xtra_I APPL 138,2022-12-31 17:18:31,2,2,3,2022-12-31_RgbImage_2022-12-31_17-18-31.png,Switchgrass_J215.A_Xtra_I APPL 138,0.9483958130192353,1.2487491120009508
Switchgrass,RGB1,J327.A_D_T3.12.2023_I APPL 503,2023-04-12 09:14:07,2,2,3,2023-04-12_RgbImage_2023-04-12_09-14-06.png,Switchgrass_J327.A_D_T3.12.2023_I APPL 503,0.9461718885023521,2.8182786789984675
Switchgrass,RGB2,J327.A_D_T3.12.2023_I APPL 503,2023-04-12 09:13:30,2,2,3,2023-04-12_RgbImage_2023-04-12_09-13-29.png,Switchgrass_J327.A_D_T3.12.2023_I APPL 503,0.9624618313045766,1.25536790499973
Switchgrass,RGB1,VS16_D_I APPL 124,2022-12-29 20:59:13,2,2,3,2022-12-29_RgbImage_2022-12-29_20-59-12.png,Switchgrass_VS16_D_I APPL 124,0.9620935618817996,2.8037822610021976
Switchgrass,RGB2,VS16_D_I APPL 124,2022-12-29 20:57:14,2,2,3,2022-12-29_RgbImage_2022-12-29_20-57-13.png,Switchgrass_VS16_D_I APPL 124,0.9576441230394234,1.2423503749996598
Switchgrass,RGB1,J003.D_WW_T3.13.2023_I APPL 363,2023-04-14 15:07:08,2,2,4,2023-04-14_RgbImage_2023-04-14_15-07-07.png,Switchgrass_J003.D_WW_T3.13.2023_I APPL 363,0.9723010941958861,2.829974320000474
Switchgrass,RGB2,J003.D_WW_T3.13.2023_I APPL 363,2023-04-14 15:06:33,2,2,4,2023-04-14_RgbImage_2023-04-14_15-06-33.png,Switchgrass_J003.D_WW_T3.13.2023_I APPL 363,0.9722621665509509,1.2659483179995732
Switchgrass,RGB1,J215.A_D_I APPL 121,2022-12-17 16:27:41,2,2,4,2022-12-17_RgbImage_2022-12-17_16-27-40.png,Switchgrass_J215.A_D_I APPL 121,0.9590343368064679,2.762663142002566
Switchgrass,RGB2,J215.A_D_I APPL 121,2022-12-17 16:27:05,2,2,4,2022-12-17_RgbImage_2022-12-17_16-27-05.png,Switchgrass_J215.A_D_I APPL 121,0.9428008137229613,1.2358501349990547
Switchgrass,RGB1,J215.A_WW_I APPL 221,2022-12-11 14:17:32,2,2,4,2022-12-11_RgbImage_2022-12-11_14-17-32.png,Switchgrass_J215.A_WW_I APPL 221,0.9601398127549208,2.8011729280005966
Switchgrass,RGB2,J215.A_WW_I APPL 221,2022-12-11 14:16:12,2,2,4,2022-12-11_RgbImage_2022-12-11_14-16-12.png,Switchgrass_J215.A_WW_I APPL 221,0.9469677242515351,1.2435658119975415
Switchgrass,RGB1,J618.A_WW_T3.14.2023_I APPL 255,2023-05-05 11:30:24,2,2,4,2023-05-5_RgbImage_2023-05-05_11-30-24.png,Switchgrass_J618.A_WW_T3.14.2023_I APPL 255,0.9410092045718215,2.780203262998839
Switchgrass,RGB2,J618.A_WW_T3.14.2023_I APPL 255,2023-05-05 11:29:50,2,2,4,2023-05-5_RgbImage_2023-05-05_11-29-49.png,Switchgrass_J618.A_WW_T3.14.2023_I APPL 255,0.9114614907093977,1.2488284620012564
Switchgrass,RGB1,J008.D_D_I APPL 5,2023-01-27 10:34:47,2,3,0,2023-01-27_RgbImage_2023-01-27_10-34-47.png,Switchgrass_J008.D_D_I APPL 5,0.9648816304170301,2.8023522779985797
Switchgrass,RGB2,J008.D_D_I APPL 5,2023-01-27 10:33:02,2,3,0,2023-01-27_RgbImage_2023-01-27_10-33-02.png,Switchgrass_J008.D_D_I APPL 5,0.9585596383524871,1.253012751996721
Switchgrass,RGB1,J296.A_D_T3.12.2023_I APPL 485,2023-04-26 11:24:43,2,3,0,2023-04-26_RgbImage_2023-04-26_11-24-42.png,Switchgrass_J296.A_D_T3.12.2023_I APPL 485,0.9547794969493543,2.7990556949989696
Switchgrass,RGB2,J296.A_D_T3.12.2023_I APPL 485,2023-04-26 11:24:10,2,3,0,2023-04-26_RgbImage_2023-04-26_11-24-10.png,Switchgrass_J296.A_D_T3.12.2023_I APPL 485,0.8963745829376265,1.2423815340007422
Switchgrass,RGB1,J317.A_D_I APPL 103,2022-12-29 15:09:19,2,3,1,2022-12-29_RgbImage_2022-12-29_15-09-19.png,Switchgrass_J317.A_D_I APPL 103,0.9701152093274916,2.7904904110000643
Switchgrass,RGB2,J317.A_D_I APPL 103,2022-12-29 15:08:09,2,3,1,2022-12-29_RgbImage_2022-12-29_15-08-09.png,Switchgrass_J317.A_D_I APPL 103,0.9378182627183411,1.26423373599755
Switchgrass,RGB1,AP13_D_I APPL 261,2022-12-18 11:40:00,2,3,2,2022-12-18_RgbImage_2022-12-18_11-40-00.png,Switchgrass_AP13_D_I APPL 261,0.9628415881524522,2.7517116960007115
Switchgrass,RGB2,AP13_D_I APPL 261,2022-12-18 11:39:25,2,3,2,2022-12-18_RgbImage_2022-12-18_11-39-25.png,Switchgrass_AP13_D_I APPL 261,0.9341944851585949,1.2313845820026472
Switchgrass,RGB1,J003.D_WW_T3.13.2023_I APPL 363,2023-04-06 10:14:14,2,3,2,2023-04-6_RgbImage_2023-04-06_10-14-14.png,Switchgrass_J003.D_WW_T3.13.2023_I APPL 363,0.9768477615399938,2.8039331460022368
Switchgrass,RGB2,J003.D_WW_T3.13.2023_I APPL 363,2023-04-06 10:13:37,2,3,2,2023-04-6_RgbImage_2023-04-06_10-13-37.png,Switchgrass_J003.D_WW_T3.13.2023_I APPL 363,0.9593467051540259,1.2326289550001093
Switchgrass,RGB1,J022.B_D_T3.13.2023_I APPL 371,2023-05-04 13:40:32,2,3,2,2023-05-4_RgbImage_2023-05-04_13-40-32.png,Switchgrass_J022.B_D_T3.13.2023_I APPL 371,0.9693608939858896,2.787953743001708
Switchgrass,RGB2,J022.B_D_T3.13.2023_I APPL 371,2023-05-04 13:39:58,2,3,2,2023-05-4_RgbImage_2023-05-04_13-39-58.png,Switchgrass_J022.B_D_T3.13.2023_I APPL 371,0.9492706581291145,1.2347180649994698
Switchgrass,RGB1,J307.A_WW_T3.14.2023_I APPL 273,2023-05-05 09:17:23,2,3,3,2023-05-5_RgbImage_2023-05-05_09-17-22.png,Switchgrass_J307.A_WW_T3.14.2023_I APPL 273,0.9828856667459083,2.7753267039988714
Switchgrass,RGB2,J307.A_WW_T3.14.2023_I APPL 273,2023-05-05 09:16:47,2,3,3,2023-05-5_RgbImage_2023-05-05_09-16-46.png,Switchgrass_J307.A_WW_T3.14.2023_I APPL 273,0.9777025156370657,1.2216901450010482
Switchgrass,RGB1,J613.A_WW_T3.16.2023_I APPL 12,2023-04-10 17:48:33,2,3,3,2023-04-10_RgbImage_2023-04-10_17-48-32.png,Switchgrass_J613.A_WW_T3.16.2023_I APPL 12,0.9682411416723177,2.8033055089981644
Switchgrass,RGB2,J613.A_WW_T3.16.2023_I APPL 12,2023-04-10 17:47:58,2,3,3,2023-04-10_RgbImage_2023-04-10_17-47-57.png,Switchgrass_J613.A_WW_T3.16.2023_I APPL 12,0.9399794232084993,1.2395799360019737
Switchgrass,RGB1,VS16_D_I APPL 2,2022-12-09 11:33:10,2,3,3,2022-12-9_RgbImage_2022-12-09_11-33-10.png,Switchgrass_VS16_D_I APPL 2,0.964958410715692,2.7607508459987002
Switchgrass,RGB2,VS16_D_I APPL 2,2022-12-09 11:31:55,2,3,3,2022-12-9_RgbImage_2022-12-09_11-31-55.png,Switchgrass_VS16_D_I APPL 2,0.9544947168134671,1.2467288029984047
Switchgrass,RGB1,J215.A_WW_I APPL 221,2022-12-16 14:18:02,2,3,4,2022-12-16_RgbImage_2022-12-16_14-18-02.png,Switchgrass_J215.A_WW_I APPL 221,0.9582398189178066,2.781354309001472
Switchgrass,RGB2,J215.A_WW_I APPL 221,2022-12-16 14:16:01,2,3,4,2022-12-16_RgbImage_2022-12-16_14-16-01.png,Switchgrass_J215.A_WW_I APPL 221,0.9455271560559179,1.282170917998883
Switchgrass,RGB1,J248.A_WW_T3.13.2023_I APPL 368,2023-04-13 09:30:47,2,3,4,2023-04-13_RgbImage_2023-04-13_09-30-47.png,Switchgrass_J248.A_WW_T3.13.2023_I APPL 368,0.9623681339089057,2.791521109000314
Switchgrass,RGB2,J248.A_WW_T3.13.2023_I APPL 368,2023-04-13 09:30:11,2,3,4,2023-04-13_RgbImage_2023-04-13_09-30-11.png,Switchgrass_J248.A_WW_T3.13.2023_I APPL 368,0.9032408060917554,1.2539209489987115
Switchgrass,RGB1,J502.A_WW_T3.15.2023_I APPL 112,2023-05-06 17:12:22,2,3,4,2023-05-6_RgbImage_2023-05-06_17-12-22.png,Switchgrass_J502.A_WW_T3.15.2023_I APPL 112,0.9703817820018155,2.8048741339989647
Switchgrass,RGB2,J502.A_WW_T3.15.2023_I APPL 112,2023-05-06 17:11:47,2,3,4,2023-05-6_RgbImage_2023-05-06_17-11-47.png,Switchgrass_J502.A_WW_T3.15.2023_I APPL 112,0.9179570632086893,1.2387534129993583
Switchgrass,RGB1,J586.A_WW_T3.14.2023_I APPL 215,2023-04-22 16:27:49,2,3,4,2023-04-22_RgbImage_2023-04-22_16-27-48.png,Switchgrass_J586.A_WW_T3.14.2023_I APPL 215,0.9634980344553227,2.8254595629987307
Switchgrass,RGB2,J586.A_WW_T3.14.2023_I APPL 215,2023-04-22 16:27:18,2,3,4,2023-04-22_RgbImage_2023-04-22_16-27-18.png,Switchgrass_J586.A_WW_T3.14.2023_I APPL 215,0.9440303147793229,1.244409907998488
Switchgrass,RGB1,J008.D_D_I APPL 5,2023-02-03 10:34:42,2,4,0,2023-02-3_RgbImage_2023-02-03_10-34-41.png,Switchgrass_J008.D_D_I APPL 5,0.9490623847959554,2.8082583420000446
Switchgrass,RGB2,J008.D_D_I APPL 5,2023-02-03 10:32:57,2,4,0,2023-02-3_RgbImage_2023-02-03_10-32-57.png,Switchgrass_J008.D_D_I APPL 5,0.9569804607094614,1.247871813000529
Switchgrass,RGB1,J016.A_D_T3.13.2023_I APPL 373,2023-04-13 08:49:06,2,4,0,2023-04-13_RgbImage_2023-04-13_08-49-05.png,Switchgrass_J016.A_D_T3.13.2023_I APPL 373,0.9647605838380238,2.752715734000958
Switchgrass,RGB2,J016.A_D_T3.13.2023_I APPL 373,2023-04-13 08:48:34,2,4,0,2023-04-13_RgbImage_2023-04-13_08-48-33.png,Switchgrass_J016.A_D_T3.13.2023_I APPL 373,0.9181571851024642,1.2228126270019857
Switchgrass,RGB1,J614.C_D_T3.16.2023_I APPL 77,2023-04-25 09:34:09,2,4,0,2023-04-25_RgbImage_2023-04-25_09-34-09.png,Switchgrass_J614.C_D_T3.16.2023_I APPL 77,0.947641384087669,2.793414178002422
Switchgrass,RGB2,J614.C_D_T3.16.2023_I APPL 77,2023-04-25 09:33:35,2,4,0,2023-04-25_RgbImage_2023-04-25_09-33-34.png,Switchgrass_J614.C_D_T3.16.2023_I APPL 77,0.8815321985802965,1.2376692530015134
Switchgrass,RGB1,PTCL-32_D_T3.15.2023_I APPL 133,2023-04-24 14:35:52,2,4,0,2023-04-24_RgbImage_2023-04-24_14-35-51.png,Switchgrass_PTCL-32_D_T3.15.2023_I APPL 133,0.9619433868565858,2.806898030001321
Switchgrass,RGB2,PTCL-32_D_T3.15.2023_I APPL 133,2023-04-24 14:35:17,2,4,0,2023-04-24_RgbImage_2023-04-24_14-35-17.png,Switchgrass_PTCL-32_D_T3.15.2023_I APPL 133,0.927384723840458,1.2442839899995306
Switchgrass,RGB1,AP13_WW_I APPL 133,2023-02-05 15:12:48,2,4,1,2023-02-5_RgbImage_2023-02-05_15-12-47.png,Switchgrass_AP13_WW_I APPL 133,0.924887922910709,2.7992466340001556
Switchgrass,RGB2,AP13_WW_I APPL 133,2023-02-05 15:12:23,2,4,1,2023-02-5_RgbImage_2023-02-05_15-12-23.png,Switchgrass_AP13_WW_I APPL 133,0.7414653318354233,1.2431958519991895
Switchgrass,RGB1,J296.A_D_T3.12.2023_I APPL 485,2023-05-03 11:24:20,2,4,1,2023-05-3_RgbImage_2023-05-03_11-24-19.png,Switchgrass_J296.A_D_T3.12.2023_I APPL 485,0.9616509253291181,2.804586851001659
Switchgrass,RGB2,J296.A_D_T3.12.2023_I APPL 485,2023-05-03 11:23:44,2,4,1,2023-05-3_RgbImage_2023-05-03_11-23-44.png,Switchgrass_J296.A_D_T3.12.2023_I APPL 485,0.9417695892147041,1.2432384119965718
Switchgrass,RGB1,J317.A_D_I APPL 6,2022-12-16 10:27:28,2,4,1,2022-12-16_RgbImage_2022-12-16_10-27-28.png,Switchgrass_J317.A_D_I APPL 6,0.970910970601321,2.7874203749997832
Switchgrass,RGB2,J317.A_D_I APPL 6,2022-12-16 10:26:13,2,4,1,2022-12-16_RgbImage_2022-12-16_10-26-13.png,Switchgrass_J317.A_D_I APPL 6,0.9473181511195993,1.2375236879997829
Switchgrass,RGB1,J004.B_WW_T3.12.2023_I APPL 400,2023-04-12 16:45:06,2,4,2,2023-04-12_RgbImage_2023-04-12_16-45-06.png,Switchgrass_J004.B_WW_T3.12.2023_I APPL 400,0.9491913796890878,2.7812500990003173
Switchgrass,RGB2,J004.B_WW_T3.12.2023_I APPL 400,2023-04-12 16:44:32,2,4,2,2023-04-12_RgbImage_2023-04-12_16-44-32.png,Switchgrass_J004.B_WW_T3.12.2023_I APPL 400,0.9360087569087038,1.2423293940009899
Switchgrass,RGB1,J006.C_D_T3.13.2023_I APPL 316,2023-04-20 15:48:23,2,4,2,2023-04-20_RgbImage_2023-04-20_15-48-23.png,Switchgrass_J006.C_D_T3.13.2023_I APPL 316,0.9517118594905896,2.8013126499972714
Switchgrass,RGB2,J006.C_D_T3.13.2023_I APPL 316,2023-04-20 15:47:47,2,4,2,2023-04-20_RgbImage_2023-04-20_15-47-46.png,Switchgrass_J006.C_D_T3.13.2023_I APPL 316,0.9149674379804676,1.2529581579983642
Switchgrass,RGB1,J587.A_D_T3.14.2023_I APPL 259,2023-04-22 10:57:00,2,4,3,2023-04-22_RgbImage_2023-04-22_10-57-00.png,Switchgrass_J587.A_D_T3.14.2023_I APPL 259,0.9646007857297105,2.7989653019976686
Switchgrass,RGB2,J587.A_D_T3.14.2023_I APPL 259,2023-04-22 10:56:21,2,4,3,2023-04-22_RgbImage_2023-04-22_10-56-21.png,Switchgrass_J587.A_D_T3.14.2023_I APPL 259,0.915386292489231,1.2261416790024668
Switchgrass,RGB1,J587.A_WW_T3.14.2023_I APPL 203,2023-04-15 18:08:03,2,4,4,2023-04-15_RgbImage_2023-04-15_18-08-02.png,Switchgrass_J587.A_WW_T3.14.2023_I APPL 203,0.9556060346676091,2.798986250996677
Switchgrass,RGB2,J587.A_WW_T3.14.2023_I APPL 203,2023-04-15 18:07:29,2,4,4,2023-04-15_RgbImage_2023-04-15_18-07-28.png,Switchgrass_J587.A_WW_T3.14.2023_I APPL 203,0.9556521546603599,1.2600316719981492
Switchgrass,RGB1,J588.B_WW_T3.14.2023_I APPL 284,2023-04-29 08:02:09,2,4,4,2023-04-29_RgbImage_2023-04-29_08-02-08.png,Switchgrass_J588.B_WW_T3.14.2023_I APPL 284,0.9573561579042054,2.772299918000499
Switchgrass,RGB2,J588.B_WW_T3.14.2023_I APPL 284,2023-04-29 08:01:34,2,4,4,2023-04-29_RgbImage_2023-04-29_08-01-33.png,Switchgrass_J588.B_WW_T3.14.2023_I APPL 284,0.9674027258755346,1.2670620329990925
Switchgrass,RGB1,VS16_D_I APPL 2,2022-12-04 11:33:40,2,4,4,2022-12-4_RgbImage_2022-12-04_11-33-40.png,Switchgrass_VS16_D_I APPL 2,0.9630294827079189,2.7798032440005045
Switchgrass,RGB2,VS16_D_I APPL 2,2022-12-04 11:32:22,2,4,4,2022-12-4_RgbImage_2022-12-04_11-32-21.png,Switchgrass_VS16_D_I APPL 2,0.971456763976914,1.250172822001332
Switchgrass,RGB1,J322.A_WW_T3.12.2023_I APPL 519,2023-04-26 07:02:51,3,0,0,2023-04-26_RgbImage_2023-04-26_07-02-50.png,Switchgrass_J322.A_WW_T3.12.2023_I APPL 519,0.9617503758210596,2.7615907220024383
Switchgrass,RGB2,J322.A_WW_T3.12.2023_I APPL 519,2023-04-26 07:02:16,3,0,0,2023-04-26_RgbImage_2023-04-26_07-02-16.png,Switchgrass_J322.A_WW_T3.12.2023_I APPL 519,0.9531423513426671,1.2263899690005928
Switchgrass,RGB1,J005.A_D_T3.13.2023_I APPL 315,2023-04-20 15:56:31,3,0,1,2023-04-20_RgbImage_2023-04-20_15-56-30.png,Switchgrass_J005.A_D_T3.13.2023_I APPL 315,0.9622928099884884,2.7968968709974433
Switchgrass,RGB2,J005.A_D_T3.13.2023_I APPL 315,2023-04-20 15:55:57,3,0,1,2023-04-20_RgbImage_2023-04-20_15-55-57.png,Switchgrass_J005.A_D_T3.13.2023_I APPL 315,0.9282725990374112,1.2323543550010072
Switchgrass,RGB1,J241.A_WW_T3.12.2023_I APPL 412,2023-05-03 15:19:54,3,0,1,2023-05-3_RgbImage_2023-05-03_15-19-53.png,Switchgrass_J241.A_WW_T3.12.2023_I APPL 412,0.9748251178379481,2.805572241999471
Switchgrass,RGB2,J241.A_WW_T3.12.2023_I APPL 412,2023-05-03 15:19:24,3,0,1,2023-05-3_RgbImage_2023-05-03_15-19-23.png,Switchgrass_J241.A_WW_T3.12.2023_I APPL 412,0.9467147850826301,1.2545914559996163
Switchgrass,RGB1,J317.A_D_I APPL 123,2023-01-07 16:53:00,3,0,1,2023-01-7_RgbImage_2023-01-07_16-53-00.png,Switchgrass_J317.A_D_I APPL 123,0.9611005217240611,2.791663627001981
Switchgrass,RGB1,J317.A_D_I APPL 123,2023-01-08 16:52:42,3,0,1,2023-01-8_RgbImage_2023-01-08_16-52-41.png,Switchgrass_J317.A_D_I APPL 123,0.9520113925544939,2.7770666600008553
Switchgrass,RGB2,J317.A_D_I APPL 123,2023-01-07 16:52:29,3,0,1,2023-01-7_RgbImage_2023-01-07_16-52-29.png,Switchgrass_J317.A_D_I APPL 123,0.8869109786031367,1.2330760690019815
Switchgrass,RGB2,J317.A_D_I APPL 123,2023-01-08 16:52:11,3,0,1,2023-01-8_RgbImage_2023-01-08_16-52-10.png,Switchgrass_J317.A_D_I APPL 123,0.8826538492995455,1.2880053670014604
Switchgrass,RGB1,J250.C_D_T3.13.2023_I APPL 358,2023-03-23 10:39:05,3,0,2,2023-03-23_RgbImage_2023-03-23_10-39-04.png,Switchgrass_J250.C_D_T3.13.2023_I APPL 358,0.9340942884646616,2.82073635100096
Switchgrass,RGB2,J250.C_D_T3.13.2023_I APPL 358,2023-03-23 10:38:22,3,0,2,2023-03-23_RgbImage_2023-03-23_10-38-21.png,Switchgrass_J250.C_D_T3.13.2023_I APPL 358,0.9470818959411457,1.273948472000484
Switchgrass,RGB1,J503.C_WW_T3.15.2023_I APPL 187,2023-04-08 07:58:11,3,0,2,2023-04-8_RgbImage_2023-04-08_07-58-10.png,Switchgrass_J503.C_WW_T3.15.2023_I APPL 187,0.9710630340030735,2.757702099999733
Switchgrass,RGB2,J503.C_WW_T3.15.2023_I APPL 187,2023-04-08 07:57:41,3,0,2,2023-04-8_RgbImage_2023-04-08_07-57-40.png,Switchgrass_J503.C_WW_T3.15.2023_I APPL 187,0.9421523105102837,1.2384686340010376
Switchgrass,RGB1,J585.B_D_T3.16.2023_I APPL 52,2023-05-02 12:45:46,3,0,2,2023-05-2_RgbImage_2023-05-02_12-45-46.png,Switchgrass_J585.B_D_T3.16.2023_I APPL 52,0.943910312481113,2.7803986390026694
Switchgrass,RGB2,J585.B_D_T3.16.2023_I APPL 52,2023-05-02 12:45:15,3,0,2,2023-05-2_RgbImage_2023-05-02_12-45-15.png,Switchgrass_J585.B_D_T3.16.2023_I APPL 52,0.898126249784491,1.2392637569973886
Switchgrass,RGB1,J215.A_D_I APPL 130,2023-01-03 14:05:57,3,0,3,2023-01-3_RgbImage_2023-01-03_14-05-57.png,Switchgrass_J215.A_D_I APPL 130,0.9630481280101958,2.7824631319999753
Switchgrass,RGB1,J215.A_D_I APPL 130,2023-01-11 14:03:44,3,0,3,2023-01-11_RgbImage_2023-01-11_14-03-43.png,Switchgrass_J215.A_D_I APPL 130,0.9622039632673043,2.780323065002449
Switchgrass,RGB2,J215.A_D_I APPL 130,2023-01-03 14:04:04,3,0,3,2023-01-3_RgbImage_2023-01-03_14-04-04.png,Switchgrass_J215.A_D_I APPL 130,0.9315324224681301,1.2385182580001128
Switchgrass,RGB2,J215.A_D_I APPL 130,2023-01-11 14:02:28,3,0,3,2023-01-11_RgbImage_2023-01-11_14-02-28.png,Switchgrass_J215.A_D_I APPL 130,0.9560683529232716,1.2327852989983512
Switchgrass,RGB1,J215.A_WW_I APPL 152,2023-01-07 13:48:37,3,0,3,2023-01-7_RgbImage_2023-01-07_13-48-36.png,Switchgrass_J215.A_WW_I APPL 152,0.9550472195760636,2.843056648998754
Switchgrass,RGB1,J215.A_WW_I APPL 152,2023-01-09 13:48:23,3,0,3,2023-01-9_RgbImage_2023-01-09_13-48-22.png,Switchgrass_J215.A_WW_I APPL 152,0.953136547893697,2.797083923000173
Switchgrass,RGB2,J215.A_WW_I APPL 152,2023-01-07 13:47:23,3,0,3,2023-01-7_RgbImage_2023-01-07_13-47-23.png,Switchgrass_J215.A_WW_I APPL 152,0.9541796899381675,1.2121839200008253
Switchgrass,RGB2,J215.A_WW_I APPL 152,2023-01-09 13:47:10,3,0,3,2023-01-9_RgbImage_2023-01-09_13-47-10.png,Switchgrass_J215.A_WW_I APPL 152,0.9511042627178842,1.2653762660011125
Switchgrass,RGB1,J215.A_D_I APPL 121,2022-12-31 16:23:25,3,0,4,2022-12-31_RgbImage_2022-12-31_16-23-25.png,Switchgrass_J215.A_D_I APPL 121,0.9590745962446084,2.8113927760023216
Switchgrass,RGB1,J215.A_D_I APPL 121,2023-01-03 16:22:06,3,0,4,2023-01-3_RgbImage_2023-01-03_16-22-06.png,Switchgrass_J215.A_D_I APPL 121,0.9630246614128346,2.785816701998556
Switchgrass,RGB1,J215.A_D_I APPL 121,2023-01-01 16:23:15,3,0,4,2023-01-1_RgbImage_2023-01-01_16-23-14.png,Switchgrass_J215.A_D_I APPL 121,0.9620906430216996,2.7912963809976645
Switchgrass,RGB2,J215.A_D_I APPL 121,2022-12-31 16:22:10,3,0,4,2022-12-31_RgbImage_2022-12-31_16-22-10.png,Switchgrass_J215.A_D_I APPL 121,0.9451429068604877,1.2387833290013077
Switchgrass,RGB2,J215.A_D_I APPL 121,2023-01-03 16:21:33,3,0,4,2023-01-3_RgbImage_2023-01-03_16-21-33.png,Switchgrass_J215.A_D_I APPL 121,0.9462454272980665,1.2272879559968715
Switchgrass,RGB2,J215.A_D_I APPL 121,2023-01-01 16:22:00,3,0,4,2023-01-1_RgbImage_2023-01-01_16-22-00.png,Switchgrass_J215.A_D_I APPL 121,0.9451627372147591,1.2465964809998695
Switchgrass,RGB1,J502.C_WW_T3.13.2023_I APPL 291,2023-04-20 18:57:40,3,0,4,2023-04-20_RgbImage_2023-04-20_18-57-40.png,Switchgrass_J502.C_WW_T3.13.2023_I APPL 291,0.9721282500834433,2.7838745000008203
Switchgrass,RGB2,J502.C_WW_T3.13.2023_I APPL 291,2023-04-20 18:57:02,3,0,4,2023-04-20_RgbImage_2023-04-20_18-57-02.png,Switchgrass_J502.C_WW_T3.13.2023_I APPL 291,0.9649865748347132,1.244971888998407
Switchgrass,RGB1,J008.D_Xtra_I APPL 122,2023-01-01 17:11:18,3,1,0,2023-01-1_RgbImage_2023-01-01_17-11-18.png,Switchgrass_J008.D_Xtra_I APPL 122,0.9646834609771106,2.772494374999951
Switchgrass,RGB2,J008.D_Xtra_I APPL 122,2023-01-01 17:10:08,3,1,0,2023-01-1_RgbImage_2023-01-01_17-10-08.png,Switchgrass_J008.D_Xtra_I APPL 122,0.9547943899657912,1.2360683660008362
Switchgrass,RGB1,J008.D_D_I APPL 125,2023-01-05 16:38:10,3,1,1,2023-01-5_RgbImage_2023-01-05_16-38-09.png,Switchgrass_J008.D_D_I APPL 125,0.9696960541042265,2.781050970999786
Switchgrass,RGB2,J008.D_D_I APPL 125,2023-01-05 16:37:02,3,1,1,2023-01-5_RgbImage_2023-01-05_16-37-01.png,Switchgrass_J008.D_D_I APPL 125,0.9571924778335478,1.2288364230007573
Switchgrass,RGB1,J300.A_D_T3.13.2023_I APPL 319,2023-04-14 20:19:31,3,1,1,2023-04-14_RgbImage_2023-04-14_20-19-30.png,Switchgrass_J300.A_D_T3.13.2023_I APPL 319,0.9757142300853108,2.805659494999418
Switchgrass,RGB2,J300.A_D_T3.13.2023_I APPL 319,2023-04-14 20:18:55,3,1,1,2023-04-14_RgbImage_2023-04-14_20-18-54.png,Switchgrass_J300.A_D_T3.13.2023_I APPL 319,0.936927304579377,1.2654647519993887
Switchgrass,RGB1,J317.A_D_I APPL 123,2023-01-10 16:52:07,3,1,1,2023-01-10_RgbImage_2023-01-10_16-52-07.png,Switchgrass_J317.A_D_I APPL 123,0.9627166504006799,2.7833234070021717
Switchgrass,RGB2,J317.A_D_I APPL 123,2023-01-10 16:51:37,3,1,1,2023-01-10_RgbImage_2023-01-10_16-51-37.png,Switchgrass_J317.A_D_I APPL 123,0.9028738092920701,1.2623132549997536
Switchgrass,RGB1,J215.A_D_I APPL 146,2023-01-25 14:01:15,3,1,2,2023-01-25_RgbImage_2023-01-25_14-01-15.png,Switchgrass_J215.A_D_I APPL 146,0.9695862728129945,2.7671784539998043
Switchgrass,RGB1,J215.A_D_I APPL 146,2023-01-23 14:22:29,3,1,2,2023-01-23_RgbImage_2023-01-23_14-22-29.png,Switchgrass_J215.A_D_I APPL 146,0.9662867063770891,2.753583149999031
Switchgrass,RGB1,J215.A_D_I APPL 146,2023-01-20 14:03:15,3,1,2,2023-01-20_RgbImage_2023-01-20_14-03-15.png,Switchgrass_J215.A_D_I APPL 146,0.9583404432492912,2.8042038830026286
Switchgrass,RGB2,J215.A_D_I APPL 146,2023-01-25 14:00:44,3,1,2,2023-01-25_RgbImage_2023-01-25_14-00-44.png,Switchgrass_J215.A_D_I APPL 146,0.945134249512499,1.2398477300012019
Switchgrass,RGB2,J215.A_D_I APPL 146,2023-01-23 14:20:36,3,1,2,2023-01-23_RgbImage_2023-01-23_14-20-35.png,Switchgrass_J215.A_D_I APPL 146,0.9406571345201269,1.257431143996655
Switchgrass,RGB2,J215.A_D_I APPL 146,2023-01-20 14:01:21,3,1,2,2023-01-20_RgbImage_2023-01-20_14-01-21.png,Switchgrass_J215.A_D_I APPL 146,0.9428989823779029,1.2460640440003772
Switchgrass,RGB1,J250.A_WW_T3.13.2023_I APPL 320,2023-05-04 19:49:39,3,1,2,2023-05-4_RgbImage_2023-05-04_19-49-38.png,Switchgrass_J250.A_WW_T3.13.2023_I APPL 320,0.9658597746919241,2.7987883950008836
Switchgrass,RGB2,J250.A_WW_T3.13.2023_I APPL 320,2023-05-04 19:49:06,3,1,2,2023-05-4_RgbImage_2023-05-04_19-49-05.png,Switchgrass_J250.A_WW_T3.13.2023_I APPL 320,0.9404279021938374,1.2661038599981111
Switchgrass,RGB1,J215.A_D_I APPL 4,2022-12-20 11:00:01,3,1,3,2022-12-20_RgbImage_2022-12-20_11-00-01.png,Switchgrass_J215.A_D_I APPL 4,0.9601401164922541,2.8352942019992042
Switchgrass,RGB2,J215.A_D_I APPL 4,2022-12-20 10:58:05,3,1,3,2022-12-20_RgbImage_2022-12-20_10-58-04.png,Switchgrass_J215.A_D_I APPL 4,0.9540402798195663,1.2428181869981927
Switchgrass,RGB1,J215.A_WW_I APPL 131,2023-01-19 15:07:28,3,1,3,2023-01-19_RgbImage_2023-01-19_15-07-27.png,Switchgrass_J215.A_WW_I APPL 131,0.9574275605234509,2.8070447350000904
Switchgrass,RGB2,J215.A_WW_I APPL 131,2023-01-19 15:05:37,3,1,3,2023-01-19_RgbImage_2023-01-19_15-05-36.png,Switchgrass_J215.A_WW_I APPL 131,0.9533323757980599,1.2565587340031925
Switchgrass,RGB1,J601.B_D_T3.16.2023_I APPL 44,2023-05-07 13:51:43,3,1,3,2023-05-7_RgbImage_2023-05-07_13-51-42.png,Switchgrass_J601.B_D_T3.16.2023_I APPL 44,0.9687879300579255,2.754471468997508
Switchgrass,RGB2,J601.B_D_T3.16.2023_I APPL 44,2023-05-07 13:51:08,3,1,3,2023-05-7_RgbImage_2023-05-07_13-51-07.png,Switchgrass_J601.B_D_T3.16.2023_I APPL 44,0.9544644051175173,1.2310586540006625
Switchgrass,RGB1,J609.A_D_T3.15.2023_I APPL 147,2023-05-06 12:55:48,3,1,3,2023-05-6_RgbImage_2023-05-06_12-55-47.png,Switchgrass_J609.A_D_T3.15.2023_I APPL 147,0.9647749986153654,2.7746874690019467
Switchgrass,RGB2,J609.A_D_T3.15.2023_I APPL 147,2023-05-06 12:55:16,3,1,3,2023-05-6_RgbImage_2023-05-06_12-55-15.png,Switchgrass_J609.A_D_T3.15.2023_I APPL 147,0.9373638883390719,1.2351590360012779
Switchgrass,RGB1,J215.A_D_I APPL 121,2022-12-30 21:02:03,3,1,4,2022-12-30_RgbImage_2022-12-30_21-02-03.png,Switchgrass_J215.A_D_I APPL 121,0.9728900782418964,2.748796771000343
Switchgrass,RGB2,J215.A_D_I APPL 121,2022-12-30 21:01:30,3,1,4,2022-12-30_RgbImage_2022-12-30_21-01-29.png,Switchgrass_J215.A_D_I APPL 121,0.9379423602607615,1.2506796390007366
Switchgrass,RGB1,J215.A_WW_I APPL 136,2022-12-21 16:33:49,3,1,4,2022-12-21_RgbImage_2022-12-21_16-33-49.png,Switchgrass_J215.A_WW_I APPL 136,0.978273707675506,2.792251565002516
Switchgrass,RGB2,J215.A_WW_I APPL 136,2022-12-21 16:33:15,3,1,4,2022-12-21_RgbImage_2022-12-21_16-33-14.png,Switchgrass_J215.A_WW_I APPL 136,0.9557645008563845,1.231838367999444
Switchgrass,RGB1,J215.A_WW_I APPL 221,2022-12-30 19:25:21,3,1,4,2022-12-30_RgbImage_2022-12-30_19-25-21.png,Switchgrass_J215.A_WW_I APPL 221,0.9680980225777027,2.7961085379974975
Switchgrass,RGB2,J215.A_WW_I APPL 221,2022-12-30 19:24:06,3,1,4,2022-12-30_RgbImage_2022-12-30_19-24-06.png,Switchgrass_J215.A_WW_I APPL 221,0.9609891862117517,1.2451403470004152
Switchgrass,RGB1,VS16_D_I APPL 402,2023-01-10 11:05:11,3,1,4,2023-01-10_RgbImage_2023-01-10_11-05-10.png,Switchgrass_VS16_D_I APPL 402,0.958967910862557,2.7812885489984183
Switchgrass,RGB2,VS16_D_I APPL 402,2023-01-10 11:04:38,3,1,4,2023-01-10_RgbImage_2023-01-10_11-04-38.png,Switchgrass_VS16_D_I APPL 402,0.9407692493889914,1.2298446189997776
Switchgrass,RGB1,AP13_WW_I APPL 133,2023-01-27 15:13:36,3,2,0,2023-01-27_RgbImage_2023-01-27_15-13-35.png,Switchgrass_AP13_WW_I APPL 133,0.9668228855476259,2.8211277089976647
Switchgrass,RGB2,AP13_WW_I APPL 133,2023-01-27 15:11:51,3,2,0,2023-01-27_RgbImage_2023-01-27_15-11-50.png,Switchgrass_AP13_WW_I APPL 133,0.9401931288821327,1.2461656359992048
Switchgrass,RGB1,J003.B_WW_T3.13.2023_I APPL 292,2023-04-20 18:49:23,3,2,1,2023-04-20_RgbImage_2023-04-20_18-49-23.png,Switchgrass_J003.B_WW_T3.13.2023_I APPL 292,0.9593590876026451,2.7965548309985024
Switchgrass,RGB2,J003.B_WW_T3.13.2023_I APPL 292,2023-04-20 18:48:50,3,2,1,2023-04-20_RgbImage_2023-04-20_18-48-50.png,Switchgrass_J003.B_WW_T3.13.2023_I APPL 292,0.9585579261756156,1.227174269999523
Switchgrass,RGB1,J317.A_WW_I APPL 262,2023-01-22 12:56:29,3,2,1,2023-01-22_RgbImage_2023-01-22_12-56-29.png,Switchgrass_J317.A_WW_I APPL 262,0.977934377364622,2.780920082001103
Switchgrass,RGB2,J317.A_WW_I APPL 262,2023-01-22 12:56:03,3,2,1,2023-01-22_RgbImage_2023-01-22_12-56-02.png,Switchgrass_J317.A_WW_I APPL 262,0.9401126396507689,1.2432176910006092
Switchgrass,RGB1,J621.A_WW_T3.16.2023_I APPL 55,2023-05-02 12:20:32,3,2,1,2023-05-2_RgbImage_2023-05-02_12-20-32.png,Switchgrass_J621.A_WW_T3.16.2023_I APPL 55,0.9468038613977248,2.8039424080016033
Switchgrass,RGB2,J621.A_WW_T3.16.2023_I APPL 55,2023-05-02 12:20:03,3,2,1,2023-05-2_RgbImage_2023-05-02_12-20-03.png,Switchgrass_J621.A_WW_T3.16.2023_I APPL 55,0.9297643494861823,1.2430368400018779
Switchgrass,RGB1,J215.A_D_I APPL 146,2023-02-02 14:01:30,3,2,2,2023-02-2_RgbImage_2023-02-02_14-01-30.png,Switchgrass_J215.A_D_I APPL 146,0.9527773968512888,2.848451316000137
Switchgrass,RGB1,J215.A_D_I APPL 146,2023-02-04 14:01:15,3,2,2,2023-02-4_RgbImage_2023-02-04_14-01-14.png,Switchgrass_J215.A_D_I APPL 146,0.9438512603362246,2.7525335749996884
Switchgrass,RGB2,J215.A_D_I APPL 146,2023-02-02 13:59:43,3,2,2,2023-02-2_RgbImage_2023-02-02_13-59-43.png,Switchgrass_J215.A_D_I APPL 146,0.9170107831266798,1.2358812509992276
Switchgrass,RGB2,J215.A_D_I APPL 146,2023-02-04 13:59:27,3,2,2,2023-02-4_RgbImage_2023-02-04_13-59-26.png,Switchgrass_J215.A_D_I APPL 146,0.924603594266924,1.25412463199973
Switchgrass,RGB1,J535.A_WW_T3.16.2023_I APPL 6,2023-05-02 18:44:34,3,2,2,2023-05-2_RgbImage_2023-05-02_18-44-34.png,Switchgrass_J535.A_WW_T3.16.2023_I APPL 6,0.9703026810759257,2.763641634999658
Switchgrass,RGB2,J535.A_WW_T3.16.2023_I APPL 6,2023-05-02 18:44:00,3,2,2,2023-05-2_RgbImage_2023-05-02_18-44-00.png,Switchgrass_J535.A_WW_T3.16.2023_I APPL 6,0.9549599306836075,1.2189252140015014
Switchgrass,RGB1,J005.A_WW_T3.13.2023_I APPL 378,2023-04-13 08:07:19,3,2,3,2023-04-13_RgbImage_2023-04-13_08-07-18.png,Switchgrass_J005.A_WW_T3.13.2023_I APPL 378,0.9732670570611694,2.7864372320000257
Switchgrass,RGB2,J005.A_WW_T3.13.2023_I APPL 378,2023-04-13 08:06:46,3,2,3,2023-04-13_RgbImage_2023-04-13_08-06-45.png,Switchgrass_J005.A_WW_T3.13.2023_I APPL 378,0.9455219954404545,1.2188328400006867
Switchgrass,RGB1,J215.A_WW_I APPL 131,2023-01-07 15:41:23,3,2,3,2023-01-7_RgbImage_2023-01-07_15-41-22.png,Switchgrass_J215.A_WW_I APPL 131,0.9638206450447294,2.7661975269984396
Switchgrass,RGB2,J215.A_WW_I APPL 131,2023-01-07 15:40:10,3,2,3,2023-01-7_RgbImage_2023-01-07_15-40-09.png,Switchgrass_J215.A_WW_I APPL 131,0.946369097784128,1.2264122890010185
Switchgrass,RGB1,J503.C_D_T3.15.2023_I APPL 166,2023-05-06 10:34:52,3,2,3,2023-05-6_RgbImage_2023-05-06_10-34-51.png,Switchgrass_J503.C_D_T3.15.2023_I APPL 166,0.9775397913076896,2.7688590889993066
Switchgrass,RGB2,J503.C_D_T3.15.2023_I APPL 166,2023-05-06 10:34:19,3,2,3,2023-05-6_RgbImage_2023-05-06_10-34-18.png,Switchgrass_J503.C_D_T3.15.2023_I APPL 166,0.9161030375045086,1.2270859130003373
Switchgrass,RGB1,VS16_Xtra_I APPL 129,2023-01-22 17:28:39,3,2,3,2023-01-22_RgbImage_2023-01-22_17-28-38.png,Switchgrass_VS16_Xtra_I APPL 129,0.957852554741979,2.785999725001602
Switchgrass,RGB2,VS16_Xtra_I APPL 129,2023-01-22 17:28:10,3,2,3,2023-01-22_RgbImage_2023-01-22_17-28-09.png,Switchgrass_VS16_Xtra_I APPL 129,0.9395842505063762,1.2381154950016935
Switchgrass,RGB1,J585.B_WW_T3.16.2023_I APPL 92,2023-05-07 07:44:56,3,2,4,2023-05-7_RgbImage_2023-05-07_07-44-55.png,Switchgrass_J585.B_WW_T3.16.2023_I APPL 92,0.9702246618782034,2.8158345599986205
Switchgrass,RGB2,J585.B_WW_T3.16.2023_I APPL 92,2023-05-07 07:44:26,3,2,4,2023-05-7_RgbImage_2023-05-07_07-44-26.png,Switchgrass_J585.B_WW_T3.16.2023_I APPL 92,0.8910427037086779,1.2385990389993822
Switchgrass,RGB1,VS16_D_I APPL 2,2022-12-31 11:30:14,3,2,4,2022-12-31_RgbImage_2022-12-31_11-30-14.png,Switchgrass_VS16_D_I APPL 2,0.9683454683128718,2.776959994000208
Switchgrass,RGB2,VS16_D_I APPL 2,2022-12-31 11:29:43,3,2,4,2022-12-31_RgbImage_2022-12-31_11-29-42.png,Switchgrass_VS16_D_I APPL 2,0.9449774550244581,1.239603268000792
Switchgrass,RGB1,J251.B_D_T3.12.2023_I APPL 438,2023-04-26 12:05:07,3,3,0,2023-04-26_RgbImage_2023-04-26_12-05-06.png,Switchgrass_J251.B_D_T3.12.2023_I APPL 438,0.9490256983616464,2.8153730280027958
Switchgrass,RGB2,J251.B_D_T3.12.2023_I APPL 438,2023-04-26 12:04:36,3,3,0,2023-04-26_RgbImage_2023-04-26_12-04-35.png,Switchgrass_J251.B_D_T3.12.2023_I APPL 438,0.8854158008630274,1.2499414430021716
Switchgrass,RGB1,J279.A_WW_T3.12.2023_I APPL 391,2023-04-26 17:54:17,3,3,0,2023-04-26_RgbImage_2023-04-26_17-54-16.png,Switchgrass_J279.A_WW_T3.12.2023_I APPL 391,0.9565656035309802,2.823424428999715
Switchgrass,RGB2,J279.A_WW_T3.12.2023_I APPL 391,2023-04-26 17:53:50,3,3,0,2023-04-26_RgbImage_2023-04-26_17-53-49.png,Switchgrass_J279.A_WW_T3.12.2023_I APPL 391,0.9258210444314863,1.246997015998204
Switchgrass,RGB1,J317.A_D_I APPL 6,2023-01-31 10:27:06,3,3,0,2023-01-31_RgbImage_2023-01-31_10-27-05.png,Switchgrass_J317.A_D_I APPL 6,0.9668459480478574,2.8241673430020455
Switchgrass,RGB2,J317.A_D_I APPL 6,2023-01-31 10:25:20,3,3,0,2023-01-31_RgbImage_2023-01-31_10-25-19.png,Switchgrass_J317.A_D_I APPL 6,0.921242827016539,1.25885988400114
Switchgrass,RGB1,J251.B_WW_T3.12.2023_I APPL 518,2023-04-12 07:10:50,3,3,1,2023-04-12_RgbImage_2023-04-12_07-10-49.png,Switchgrass_J251.B_WW_T3.12.2023_I APPL 518,0.9556134741394148,2.838394941001752
Switchgrass,RGB2,J251.B_WW_T3.12.2023_I APPL 518,2023-04-12 07:10:22,3,3,1,2023-04-12_RgbImage_2023-04-12_07-10-21.png,Switchgrass_J251.B_WW_T3.12.2023_I APPL 518,0.9191012082699949,1.242104486998869
Switchgrass,RGB1,J317.A_D_I APPL 103,2023-01-19 10:56:59,3,3,1,2023-01-19_RgbImage_2023-01-19_10-56-58.png,Switchgrass_J317.A_D_I APPL 103,0.9651343973770423,2.8153283530009503
Switchgrass,RGB2,J317.A_D_I APPL 103,2023-01-19 10:56:31,3,3,1,2023-01-19_RgbImage_2023-01-19_10-56-30.png,Switchgrass_J317.A_D_I APPL 103,0.9305001634522653,1.2705423199986399
Switchgrass,RGB1,AP13_D_I APPL 261,2023-01-07 11:37:49,3,3,2,2023-01-7_RgbImage_2023-01-07_11-37-49.png,Switchgrass_AP13_D_I APPL 261,0.95930339483214,2.830484456000704
Switchgrass,RGB2,AP13_D_I APPL 261,2023-01-07 11:37:19,3,3,2,2023-01-7_RgbImage_2023-01-07_11-37-18.png,Switchgrass_AP13_D_I APPL 261,0.9499610581723825,1.2664104590003262
Switchgrass,RGB1,J226.A_WW_T3.13.2023_I APPL 294,2023-04-14 23:29:31,3,3,2,2023-04-14_RgbImage_2023-04-14_23-29-31.png,Switchgrass_J226.A_WW_T3.13.2023_I APPL 294,0.9661587779065339,2.785906948000047
Switchgrass,RGB2,J226.A_WW_T3.13.2023_I APPL 294,2023-04-14 23:29:02,3,3,2,2023-04-14_RgbImage_2023-04-14_23-29-01.png,Switchgrass_J226.A_WW_T3.13.2023_I APPL 294,0.9233423129640095,1.2418514679993677
Switchgrass,RGB1,J317.A_D_I APPL 103,2023-01-02 10:57:28,3,3,2,2023-01-2_RgbImage_2023-01-02_10-57-27.png,Switchgrass_J317.A_D_I APPL 103,0.9582865859039751,2.7887476590003644
Switchgrass,RGB2,J317.A_D_I APPL 103,2023-01-02 10:56:59,3,3,2,2023-01-2_RgbImage_2023-01-02_10-56-59.png,Switchgrass_J317.A_D_I APPL 103,0.9224796679310616,1.247980694999569
Switchgrass,RGB1,J317.A_WW_I APPL 351,2023-01-05 10:51:06,3,3,2,2023-01-5_RgbImage_2023-01-05_10-51-06.png,Switchgrass_J317.A_WW_I APPL 351,0.9738052233559334,2.835149504997389
Switchgrass,RGB2,J317.A_WW_I APPL 351,2023-01-05 10:49:15,3,3,2,2023-01-5_RgbImage_2023-01-05_10-49-15.png,Switchgrass_J317.A_WW_I APPL 351,0.9690831079507448,1.2424567319976632
Switchgrass,RGB1,J018.B_WW_T3.13.2023_I APPL 293,2023-04-28 18:40:14,3,3,3,2023-04-28_RgbImage_2023-04-28_18-40-13.png,Switchgrass_J018.B_WW_T3.13.2023_I APPL 293,0.9699511478148891,2.804264004000288
Switchgrass,RGB2,J018.B_WW_T3.13.2023_I APPL 293,2023-04-28 18:39:38,3,3,3,2023-04-28_RgbImage_2023-04-28_18-39-38.png,Switchgrass_J018.B_WW_T3.13.2023_I APPL 293,0.9758304973077224,1.262231888002134
Switchgrass,RGB1,J018.C_WW_T3.15.2023_I APPL 185,2023-04-16 08:14:35,3,3,3,2023-04-16_RgbImage_2023-04-16_08-14-34.png,Switchgrass_J018.C_WW_T3.15.2023_I APPL 185,0.973849676328736,2.804500049998751
Switchgrass,RGB2,J018.C_WW_T3.15.2023_I APPL 185,2023-04-16 08:14:02,3,3,3,2023-04-16_RgbImage_2023-04-16_08-14-01.png,Switchgrass_J018.C_WW_T3.15.2023_I APPL 185,0.9528725727913094,1.2403547770009027
Switchgrass,RGB1,J215.A_Xtra_I APPL 138,2023-01-19 17:14:23,3,3,3,2023-01-19_RgbImage_2023-01-19_17-14-23.png,Switchgrass_J215.A_Xtra_I APPL 138,0.935395994650785,2.802697041999636
Switchgrass,RGB2,J215.A_Xtra_I APPL 138,2023-01-19 17:13:10,3,3,3,2023-01-19_RgbImage_2023-01-19_17-13-10.png,Switchgrass_J215.A_Xtra_I APPL 138,0.9478325474965994,1.2452169099997263
Switchgrass,RGB1,J587.C_WW_T3.16.2023_I APPL 58,2023-04-25 11:55:43,3,3,3,2023-04-25_RgbImage_2023-04-25_11-55-43.png,Switchgrass_J587.C_WW_T3.16.2023_I APPL 58,0.9585849549378958,2.808205335000821
Switchgrass,RGB2,J587.C_WW_T3.16.2023_I APPL 58,2023-04-25 11:55:11,3,3,3,2023-04-25_RgbImage_2023-04-25_11-55-10.png,Switchgrass_J587.C_WW_T3.16.2023_I APPL 58,0.9583722991201994,1.2431356750021223
Switchgrass,RGB1,J585.A_WW_T3.14.2023_I APPL 268,2023-05-05 09:59:11,3,3,4,2023-05-5_RgbImage_2023-05-05_09-59-11.png,Switchgrass_J585.A_WW_T3.14.2023_I APPL 268,0.9549653620345755,2.8180881990010676
Switchgrass,RGB2,J585.A_WW_T3.14.2023_I APPL 268,2023-05-05 09:58:39,3,3,4,2023-05-5_RgbImage_2023-05-05_09-58-38.png,Switchgrass_J585.A_WW_T3.14.2023_I APPL 268,0.9389646907942281,1.253228116001992
Switchgrass,RGB1,J587.B_WW_T3.15.2023_I APPL 164,2023-05-06 10:51:21,3,3,4,2023-05-6_RgbImage_2023-05-06_10-51-21.png,Switchgrass_J587.B_WW_T3.15.2023_I APPL 164,0.9811878881201177,2.8054435339981865
Switchgrass,RGB2,J587.B_WW_T3.15.2023_I APPL 164,2023-05-06 10:50:49,3,3,4,2023-05-6_RgbImage_2023-05-06_10-50-49.png,Switchgrass_J587.B_WW_T3.15.2023_I APPL 164,0.9619461363496886,1.2684909430026892
Switchgrass,RGB1,J008.D_D_I APPL 338,2023-01-23 12:13:19,3,4,0,2023-01-23_RgbImage_2023-01-23_12-13-19.png,Switchgrass_J008.D_D_I APPL 338,0.9674822191627657,2.8172157099979813
Switchgrass,RGB2,J008.D_D_I APPL 338,2023-01-23 12:12:09,3,4,0,2023-01-23_RgbImage_2023-01-23_12-12-09.png,Switchgrass_J008.D_D_I APPL 338,0.9588879868554225,1.2474113990028854
Switchgrass,RGB1,J317.A_D_I APPL 6,2023-01-21 10:27:14,3,4,0,2023-01-21_RgbImage_2023-01-21_10-27-14.png,Switchgrass_J317.A_D_I APPL 6,0.9591398563213945,2.8175497709999036
Switchgrass,RGB2,J317.A_D_I APPL 6,2023-01-21 10:25:26,3,4,0,2023-01-21_RgbImage_2023-01-21_10-25-26.png,Switchgrass_J317.A_D_I APPL 6,0.9099289362245144,1.2582272379986534
Switchgrass,RGB1,J008.D_D_I APPL 338,2023-02-09 11:51:56,3,4,1,2023-02-9_RgbImage_2023-02-09_11-51-55.png,Switchgrass_J008.D_D_I APPL 338,0.9808827111638351,2.799005291002686
Switchgrass,RGB2,J008.D_D_I APPL 338,2023-02-09 11:51:28,3,4,1,2023-02-9_RgbImage_2023-02-09_11-51-27.png,Switchgrass_J008.D_D_I APPL 338,0.9585315573896457,1.2571975699975155
Switchgrass,RGB1,J317.A_D_I APPL 103,2023-02-02 10:57:54,3,4,1,2023-02-2_RgbImage_2023-02-02_10-57-53.png,Switchgrass_J317.A_D_I APPL 103,0.9515319936120309,2.8061806769983377
Switchgrass,RGB2,J317.A_D_I APPL 103,2023-02-02 10:56:09,3,4,1,2023-02-2_RgbImage_2023-02-02_10-56-09.png,Switchgrass_J317.A_D_I APPL 103,0.8957063182637058,1.2398324599998887
Switchgrass,RGB1,J247.A_D_T3.12.2023_I APPL 411,2023-04-12 15:31:39,3,4,2,2023-04-12_RgbImage_2023-04-12_15-31-38.png,Switchgrass_J247.A_D_T3.12.2023_I APPL 411,0.9582172995447595,2.8064008130022557
Switchgrass,RGB2,J247.A_D_T3.12.2023_I APPL 411,2023-04-12 15:31:03,3,4,2,2023-04-12_RgbImage_2023-04-12_15-31-03.png,Switchgrass_J247.A_D_T3.12.2023_I APPL 411,0.9662447257384537,1.2368105569985346
Switchgrass,RGB1,AP13_WW_I APPL 142,2022-12-08 14:01:33,3,4,3,2022-12-8_RgbImage_2022-12-08_14-01-32.png,Switchgrass_AP13_WW_I APPL 142,0.9687591468769774,2.786242370999389
Switchgrass,RGB2,AP13_WW_I APPL 142,2022-12-08 14:00:59,3,4,3,2022-12-8_RgbImage_2022-12-08_14-00-59.png,Switchgrass_AP13_WW_I APPL 142,0.9530529826607741,1.269666784999572
Switchgrass,RGB1,J009.C_D_T3.15.2023_I APPL 175,2023-05-06 09:20:33,3,4,3,2023-05-6_RgbImage_2023-05-06_09-20-32.png,Switchgrass_J009.C_D_T3.15.2023_I APPL 175,0.9775301885639569,2.83261997199952
Switchgrass,RGB2,J009.C_D_T3.15.2023_I APPL 175,2023-05-06 09:20:02,3,4,3,2023-05-6_RgbImage_2023-05-06_09-20-02.png,Switchgrass_J009.C_D_T3.15.2023_I APPL 175,0.9335651779471806,1.2626772500007064
Switchgrass,RGB1,J318.A_WW_T3.12.2023_I APPL 407,2023-04-12 16:03:56,3,4,3,2023-04-12_RgbImage_2023-04-12_16-03-56.png,Switchgrass_J318.A_WW_T3.12.2023_I APPL 407,0.9582316084768097,2.841638822999812
Switchgrass,RGB2,J318.A_WW_T3.12.2023_I APPL 407,2023-04-12 16:03:29,3,4,3,2023-04-12_RgbImage_2023-04-12_16-03-29.png,Switchgrass_J318.A_WW_T3.12.2023_I APPL 407,0.96394322372597,1.2666971399994509
Switchgrass,RGB1,J251.A_WW_T3.16.2023_I APPL 48,2023-05-02 13:18:41,3,4,4,2023-05-2_RgbImage_2023-05-02_13-18-41.png,Switchgrass_J251.A_WW_T3.16.2023_I APPL 48,0.9553397501057262,2.831203813999309
Switchgrass,RGB2,J251.A_WW_T3.16.2023_I APPL 48,2023-05-02 13:18:09,3,4,4,2023-05-2_RgbImage_2023-05-02_13-18-09.png,Switchgrass_J251.A_WW_T3.16.2023_I APPL 48,0.9475776347092167,1.2647343989992805
Switchgrass,RGB1,Rambo 5_WW_T3.15.2023_I APPL 189,2023-05-06 07:41:21,3,4,4,2023-05-6_RgbImage_2023-05-06_07-41-21.png,Switchgrass_Rambo 5_WW_T3.15.2023_I APPL 189,0.9694492323519129,2.7622600510003394
Switchgrass,RGB2,Rambo 5_WW_T3.15.2023_I APPL 189,2023-05-06 07:40:50,3,4,4,2023-05-6_RgbImage_2023-05-06_07-40-50.png,Switchgrass_Rambo 5_WW_T3.15.2023_I APPL 189,0.9517492014489655,1.2483718750008848
Switchgrass,RGB1,VS16_D_I APPL 2,2023-02-07 11:28:24,3,4,4,2023-02-7_RgbImage_2023-02-07_11-28-23.png,Switchgrass_VS16_D_I APPL 2,0.9699534153871888,2.8282692049979232
Switchgrass,RGB1,VS16_D_I APPL 2,2023-02-05 11:30:15,3,4,4,2023-02-5_RgbImage_2023-02-05_11-30-14.png,Switchgrass_VS16_D_I APPL 2,0.9675483934167664,2.8250315859986586
Switchgrass,RGB2,VS16_D_I APPL 2,2023-02-07 11:27:56,3,4,4,2023-02-7_RgbImage_2023-02-07_11-27-56.png,Switchgrass_VS16_D_I APPL 2,0.951923883820264,1.2584263630014902
Switchgrass,RGB2,VS16_D_I APPL 2,2023-02-05 11:29:47,3,4,4,2023-02-5_RgbImage_2023-02-05_11-29-47.png,Switchgrass_VS16_D_I APPL 2,0.9567971081774285,1.2681727899980615
Switchgrass,RGB1,J001.B_WW_T3.13.2023_I APPL 349,2023-04-14 16:53:53,4,0,0,2023-04-14_RgbImage_2023-04-14_16-53-52.png,Switchgrass_J001.B_WW_T3.13.2023_I APPL 349,0.9588616822925639,2.8020519400015473
Switchgrass,RGB2,J001.B_WW_T3.13.2023_I APPL 349,2023-04-14 16:53:26,4,0,0,2023-04-14_RgbImage_2023-04-14_16-53-26.png,Switchgrass_J001.B_WW_T3.13.2023_I APPL 349,0.9458829896893194,1.2762261560019397
Switchgrass,RGB1,J008.D_D_I APPL 125,2023-01-06 16:38:16,4,0,0,2023-01-6_RgbImage_2023-01-06_16-38-16.png,Switchgrass_J008.D_D_I APPL 125,0.9611403386534331,2.8280872220020683
Switchgrass,RGB1,J008.D_D_I APPL 125,2023-01-07 16:37:45,4,0,0,2023-01-7_RgbImage_2023-01-07_16-37-44.png,Switchgrass_J008.D_D_I APPL 125,0.9697699497387291,2.829084947999945
Switchgrass,RGB2,J008.D_D_I APPL 125,2023-01-06 16:37:08,4,0,0,2023-01-6_RgbImage_2023-01-06_16-37-08.png,Switchgrass_J008.D_D_I APPL 125,0.9503802252004737,1.238226694000332
Switchgrass,RGB2,J008.D_D_I APPL 125,2023-01-07 16:36:37,4,0,0,2023-01-7_RgbImage_2023-01-07_16-36-36.png,Switchgrass_J008.D_D_I APPL 125,0.9538230310095713,1.2693615870011854
Switchgrass,RGB1,J215.A_Xtra_I APPL 138,2023-01-28 17:12:51,4,0,0,2023-01-28_RgbImage_2023-01-28_17-12-51.png,Switchgrass_J215.A_Xtra_I APPL 138,0.9602025274326826,2.806483278000087
Switchgrass,RGB2,J215.A_Xtra_I APPL 138,2023-01-28 17:11:03,4,0,0,2023-01-28_RgbImage_2023-01-28_17-11-03.png,Switchgrass_J215.A_Xtra_I APPL 138,0.9432706435499479,1.2525186040002154
Switchgrass,RGB1,J005.A_D_T3.13.2023_I APPL 315,2023-05-04 20:30:18,4,0,1,2023-05-4_RgbImage_2023-05-04_20-30-18.png,Switchgrass_J005.A_D_T3.13.2023_I APPL 315,0.9766174150050354,2.819542426997941
Switchgrass,RGB2,J005.A_D_T3.13.2023_I APPL 315,2023-05-04 20:29:47,4,0,1,2023-05-4_RgbImage_2023-05-04_20-29-46.png,Switchgrass_J005.A_D_T3.13.2023_I APPL 315,0.9413183967668922,1.2814142240022193
Switchgrass,RGB1,J215.A_WW_I APPL 152,2023-01-22 13:46:50,4,0,1,2023-01-22_RgbImage_2023-01-22_13-46-50.png,Switchgrass_J215.A_WW_I APPL 152,0.9586287654844126,2.769560171000194
Switchgrass,RGB1,J215.A_WW_I APPL 152,2023-01-23 14:06:30,4,0,1,2023-01-23_RgbImage_2023-01-23_14-06-29.png,Switchgrass_J215.A_WW_I APPL 152,0.9586250139134447,2.8241060449981887
Switchgrass,RGB2,J215.A_WW_I APPL 152,2023-01-22 13:45:03,4,0,1,2023-01-22_RgbImage_2023-01-22_13-45-02.png,Switchgrass_J215.A_WW_I APPL 152,0.9322075157908166,1.2340536039992003
Switchgrass,RGB2,J215.A_WW_I APPL 152,2023-01-23 14:04:45,4,0,1,2023-01-23_RgbImage_2023-01-23_14-04-45.png,Switchgrass_J215.A_WW_I APPL 152,0.9377310982125225,1.310261411999818
Switchgrass,RGB1,J215.A_D_I APPL 121,2023-01-09 16:20:56,4,0,2,2023-01-9_RgbImage_2023-01-09_16-20-55.png,Switchgrass_J215.A_D_I APPL 121,0.9649757423050024,2.797995118999097
Switchgrass,RGB2,J215.A_D_I APPL 121,2023-01-09 16:20:24,4,0,2,2023-01-9_RgbImage_2023-01-09_16-20-24.png,Switchgrass_J215.A_D_I APPL 121,0.943771140285582,1.267168110000057
Switchgrass,RGB1,J215.A_D_I APPL 130,2023-01-19 15:23:06,4,0,2,2023-01-19_RgbImage_2023-01-19_15-23-06.png,Switchgrass_J215.A_D_I APPL 130,0.9582666682162944,2.8346453400008613
Switchgrass,RGB2,J215.A_D_I APPL 130,2023-01-19 15:21:15,4,0,2,2023-01-19_RgbImage_2023-01-19_15-21-15.png,Switchgrass_J215.A_D_I APPL 130,0.945596689024528,1.284958173000632
Switchgrass,RGB1,J215.A_D_I APPL 146,2023-01-29 14:01:16,4,0,2,2023-01-29_RgbImage_2023-01-29_14-01-15.png,Switchgrass_J215.A_D_I APPL 146,0.9629712434608182,2.841352058996563
Switchgrass,RGB2,J215.A_D_I APPL 146,2023-01-29 14:00:05,4,0,2,2023-01-29_RgbImage_2023-01-29_14-00-05.png,Switchgrass_J215.A_D_I APPL 146,0.9217056686688485,1.258610029999545
Switchgrass,RGB1,J215.A_WW_I APPL 131,2023-01-25 15:06:31,4,0,2,2023-01-25_RgbImage_2023-01-25_15-06-31.png,Switchgrass_J215.A_WW_I APPL 131,0.9625486317969084,2.8452874300019175
Switchgrass,RGB2,J215.A_WW_I APPL 131,2023-01-25 15:04:40,4,0,2,2023-01-25_RgbImage_2023-01-25_15-04-40.png,Switchgrass_J215.A_WW_I APPL 131,0.9616004414570192,1.2617548259986506
Switchgrass,RGB1,J215.A_WW_I APPL 221,2023-01-06 14:45:27,4,0,3,2023-01-6_RgbImage_2023-01-06_14-45-27.png,Switchgrass_J215.A_WW_I APPL 221,0.9656886036542991,2.8083425520017045
Switchgrass,RGB2,J215.A_WW_I APPL 221,2023-01-06 14:44:10,4,0,3,2023-01-6_RgbImage_2023-01-06_14-44-10.png,Switchgrass_J215.A_WW_I APPL 221,0.9611476424912285,1.2433711800003948
Switchgrass,RGB1,J461.C_WW_T3.15.2023_I APPL 136,2023-05-06 14:10:18,4,0,3,2023-05-6_RgbImage_2023-05-06_14-10-18.png,Switchgrass_J461.C_WW_T3.15.2023_I APPL 136,0.9761905051180171,2.8017888409995066
Switchgrass,RGB2,J461.C_WW_T3.15.2023_I APPL 136,2023-05-06 14:09:48,4,0,3,2023-05-6_RgbImage_2023-05-06_14-09-47.png,Switchgrass_J461.C_WW_T3.15.2023_I APPL 136,0.9199182007864813,1.2310845909996715
Switchgrass,RGB1,VS16_D_I APPL 402,2023-02-09 11:04:20,4,0,3,2023-02-9_RgbImage_2023-02-09_11-04-20.png,Switchgrass_VS16_D_I APPL 402,0.9627991580001495,2.8044828650017735
Switchgrass,RGB2,VS16_D_I APPL 402,2023-02-09 11:03:53,4,0,3,2023-02-9_RgbImage_2023-02-09_11-03-53.png,Switchgrass_VS16_D_I APPL 402,0.9302380232342223,1.262753293998685
Switchgrass,RGB1,J215.A_WW_I APPL 221,2023-01-10 14:44:16,4,0,4,2023-01-10_RgbImage_2023-01-10_14-44-16.png,Switchgrass_J215.A_WW_I APPL 221,0.9702098886887254,2.81128187899958
Switchgrass,RGB2,J215.A_WW_I APPL 221,2023-01-10 14:43:02,4,0,4,2023-01-10_RgbImage_2023-01-10_14-43-01.png,Switchgrass_J215.A_WW_I APPL 221,0.9563672750849634,1.2674625370018475
Switchgrass,RGB1,J323.A_WW_T3.13.2023_I APPL 367,2023-04-20 09:38:39,4,0,4,2023-04-20_RgbImage_2023-04-20_09-38-39.png,Switchgrass_J323.A_WW_T3.13.2023_I APPL 367,0.9643769811710832,2.7992269979986304
Switchgrass,RGB1,J323.A_WW_T3.13.2023_I APPL 367,2023-04-28 09:38:14,4,0,4,2023-04-28_RgbImage_2023-04-28_09-38-14.png,Switchgrass_J323.A_WW_T3.13.2023_I APPL 367,0.9707318871123667,2.7972522839991143
Switchgrass,RGB2,J323.A_WW_T3.13.2023_I APPL 367,2023-04-20 09:38:05,4,0,4,2023-04-20_RgbImage_2023-04-20_09-38-04.png,Switchgrass_J323.A_WW_T3.13.2023_I APPL 367,0.9486507267766127,1.221475673999521
Switchgrass,RGB2,J323.A_WW_T3.13.2023_I APPL 367,2023-04-28 09:37:42,4,0,4,2023-04-28_RgbImage_2023-04-28_09-37-42.png,Switchgrass_J323.A_WW_T3.13.2023_I APPL 367,0.9443569291603744,1.2620798890020524
Switchgrass,RGB1,J340.A_WW_T3.13.2023_I APPL 306,2023-05-04 21:44:01,4,0,4,2023-05-4_RgbImage_2023-05-04_21-44-00.png,Switchgrass_J340.A_WW_T3.13.2023_I APPL 306,0.9772432751066561,2.796418948997598
Switchgrass,RGB2,J340.A_WW_T3.13.2023_I APPL 306,2023-05-04 21:43:27,4,0,4,2023-05-4_RgbImage_2023-05-04_21-43-27.png,Switchgrass_J340.A_WW_T3.13.2023_I APPL 306,0.9565997727293789,1.2363024759979453
Switchgrass,RGB1,AP13_WW_I APPL 142,2023-01-21 13:54:54,4,1,0,2023-01-21_RgbImage_2023-01-21_13-54-53.png,Switchgrass_AP13_WW_I APPL 142,0.9719211358830275,2.8702071419975255
Switchgrass,RGB1,AP13_WW_I APPL 142,2023-01-22 13:54:49,4,1,0,2023-01-22_RgbImage_2023-01-22_13-54-48.png,Switchgrass_AP13_WW_I APPL 142,0.9706186466056737,2.818713247997948
Switchgrass,RGB2,AP13_WW_I APPL 142,2023-01-21 13:53:04,4,1,0,2023-01-21_RgbImage_2023-01-21_13-53-04.png,Switchgrass_AP13_WW_I APPL 142,0.9463334666761493,1.2318538250001438
Switchgrass,RGB2,AP13_WW_I APPL 142,2023-01-22 13:52:59,4,1,0,2023-01-22_RgbImage_2023-01-22_13-52-59.png,Switchgrass_AP13_WW_I APPL 142,0.9391157840977435,1.2540578340012871
Switchgrass,RGB1,J008.D_D_I APPL 125,2023-01-08 16:37:26,4,1,1,2023-01-8_RgbImage_2023-01-08_16-37-25.png,Switchgrass_J008.D_D_I APPL 125,0.953948959353223,2.823947152999608
Switchgrass,RGB2,J008.D_D_I APPL 125,2023-01-08 16:36:18,4,1,1,2023-01-8_RgbImage_2023-01-08_16-36-18.png,Switchgrass_J008.D_D_I APPL 125,0.9576908000634434,1.2346164869995846
Switchgrass,RGB1,J250.C_D_T3.13.2023_I APPL 358,2023-05-04 15:11:05,4,1,1,2023-05-4_RgbImage_2023-05-04_15-11-05.png,Switchgrass_J250.C_D_T3.13.2023_I APPL 358,0.9641826649705563,2.8053934550007398
Switchgrass,RGB2,J250.C_D_T3.13.2023_I APPL 358,2023-05-04 15:10:35,4,1,1,2023-05-4_RgbImage_2023-05-04_15-10-34.png,Switchgrass_J250.C_D_T3.13.2023_I APPL 358,0.9498246186879427,1.2735626790017704
Switchgrass,RGB1,J330.A_WW_T3.12.2023_I APPL 396,2023-04-26 17:13:22,4,1,1,2023-04-26_RgbImage_2023-04-26_17-13-22.png,Switchgrass_J330.A_WW_T3.12.2023_I APPL 396,0.9615158030827006,2.869423961001303
Switchgrass,RGB2,J330.A_WW_T3.12.2023_I APPL 396,2023-04-26 17:12:51,4,1,1,2023-04-26_RgbImage_2023-04-26_17-12-51.png,Switchgrass_J330.A_WW_T3.12.2023_I APPL 396,0.9468075087675284,1.2643309949999093
Switchgrass,RGB1,J215.A_D_I APPL 146,2023-02-08 14:01:09,4,1,2,2023-02-8_RgbImage_2023-02-08_14-01-08.png,Switchgrass_J215.A_D_I APPL 146,0.947854807889261,2.8129231610000716
Switchgrass,RGB2,J215.A_D_I APPL 146,2023-02-08 13:59:21,4,1,2,2023-02-8_RgbImage_2023-02-08_13-59-21.png,Switchgrass_J215.A_D_I APPL 146,0.9129170049778906,1.254959036999935
Switchgrass,RGB1,J215.A_D_I APPL 4,2023-01-11 10:41:39,4,1,2,2023-01-11_RgbImage_2023-01-11_10-41-39.png,Switchgrass_J215.A_D_I APPL 4,0.9752995352997608,2.857946029998857
Switchgrass,RGB2,J215.A_D_I APPL 4,2023-01-11 10:41:11,4,1,2,2023-01-11_RgbImage_2023-01-11_10-41-10.png,Switchgrass_J215.A_D_I APPL 4,0.9476966028663409,1.254781711002579
Switchgrass,RGB1,J215.A_WW_I APPL 131,2023-01-27 15:05:55,4,1,2,2023-01-27_RgbImage_2023-01-27_15-05-54.png,Switchgrass_J215.A_WW_I APPL 131,0.9643719054353261,2.857992978999391
Switchgrass,RGB1,J215.A_WW_I APPL 131,2023-02-09 15:04:31,4,1,2,2023-02-9_RgbImage_2023-02-09_15-04-31.png,Switchgrass_J215.A_WW_I APPL 131,0.9624665267948874,2.8054287119994115
Switchgrass,RGB2,J215.A_WW_I APPL 131,2023-01-27 15:04:04,4,1,2,2023-01-27_RgbImage_2023-01-27_15-04-03.png,Switchgrass_J215.A_WW_I APPL 131,0.953869648319958,1.2343841179972515
Switchgrass,RGB2,J215.A_WW_I APPL 131,2023-02-09 15:02:47,4,1,2,2023-02-9_RgbImage_2023-02-09_15-02-47.png,Switchgrass_J215.A_WW_I APPL 131,0.9379020495942312,1.2547522059976473
Switchgrass,RGB1,J215.A_D_I APPL 4,2023-01-25 10:41:21,4,1,3,2023-01-25_RgbImage_2023-01-25_10-41-20.png,Switchgrass_J215.A_D_I APPL 4,0.9796264754597678,2.793569199999183
Switchgrass,RGB2,J215.A_D_I APPL 4,2023-01-25 10:40:53,4,1,3,2023-01-25_RgbImage_2023-01-25_10-40-53.png,Switchgrass_J215.A_D_I APPL 4,0.9509120203688353,1.2685429279990785
Switchgrass,RGB1,J215.A_WW_I APPL 136,2023-01-19 16:26:09,4,1,3,2023-01-19_RgbImage_2023-01-19_16-26-08.png,Switchgrass_J215.A_WW_I APPL 136,0.9729836447096235,2.778104272998462
Switchgrass,RGB2,J215.A_WW_I APPL 136,2023-01-19 16:25:44,4,1,3,2023-01-19_RgbImage_2023-01-19_16-25-43.png,Switchgrass_J215.A_WW_I APPL 136,0.9491970954741555,1.2754060639999807
Switchgrass,RGB1,J215.A_WW_I APPL 221,2023-01-28 14:09:00,4,1,3,2023-01-28_RgbImage_2023-01-28_14-09-00.png,Switchgrass_J215.A_WW_I APPL 221,0.9737140584065105,2.845264515002782
Switchgrass,RGB2,J215.A_WW_I APPL 221,2023-01-28 14:07:56,4,1,3,2023-01-28_RgbImage_2023-01-28_14-07-56.png,Switchgrass_J215.A_WW_I APPL 221,0.9342658441712186,1.2666772810007387
Switchgrass,RGB1,VS16_D_I APPL 124,2023-01-21 16:41:46,4,1,3,2023-01-21_RgbImage_2023-01-21_16-41-46.png,Switchgrass_VS16_D_I APPL 124,0.9708779571872342,2.830162582999037
Switchgrass,RGB2,VS16_D_I APPL 124,2023-01-21 16:40:40,4,1,3,2023-01-21_RgbImage_2023-01-21_16-40-40.png,Switchgrass_VS16_D_I APPL 124,0.9359365851888984,1.252898101000028
Switchgrass,RGB1,J215.A_D_I APPL 4,2022-12-30 10:42:10,4,1,4,2022-12-30_RgbImage_2022-12-30_10-42-10.png,Switchgrass_J215.A_D_I APPL 4,0.9780302885082264,2.8124370420009654
Switchgrass,RGB2,J215.A_D_I APPL 4,2022-12-30 10:41:37,4,1,4,2022-12-30_RgbImage_2022-12-30_10-41-36.png,Switchgrass_J215.A_D_I APPL 4,0.9694753860800687,1.2776631509987055
Switchgrass,RGB1,J215.A_WW_I APPL 221,2023-02-05 14:09:58,4,1,4,2023-02-5_RgbImage_2023-02-05_14-09-57.png,Switchgrass_J215.A_WW_I APPL 221,0.9691702032317473,2.8571205689986527
Switchgrass,RGB2,J215.A_WW_I APPL 221,2023-02-05 14:08:52,4,1,4,2023-02-5_RgbImage_2023-02-05_14-08-52.png,Switchgrass_J215.A_WW_I APPL 221,0.9392497016695128,1.2342831280002429
Switchgrass,RGB1,VS16_D_I APPL 2,2023-01-10 11:29:28,4,1,4,2023-01-10_RgbImage_2023-01-10_11-29-27.png,Switchgrass_VS16_D_I APPL 2,0.9742049582784605,2.8183835329982685
Switchgrass,RGB2,VS16_D_I APPL 2,2023-01-10 11:28:56,4,1,4,2023-01-10_RgbImage_2023-01-10_11-28-56.png,Switchgrass_VS16_D_I APPL 2,0.9602102396088027,1.286351286998979
Switchgrass,RGB1,VS16_WW_I APPL 10,2023-01-23 12:06:08,4,1,4,2023-01-23_RgbImage_2023-01-23_12-06-08.png,Switchgrass_VS16_WW_I APPL 10,0.9667154149376651,2.8788206950011954
Switchgrass,RGB2,VS16_WW_I APPL 10,2023-01-23 12:04:14,4,1,4,2023-01-23_RgbImage_2023-01-23_12-04-14.png,Switchgrass_VS16_WW_I APPL 10,0.9436971993257316,1.2729360340017593
Switchgrass,RGB1,AP13_D_I APPL 261,2023-01-20 11:38:18,4,2,0,2023-01-20_RgbImage_2023-01-20_11-38-17.png,Switchgrass_AP13_D_I APPL 261,0.9470019303467113,2.84788041900174
Switchgrass,RGB2,AP13_D_I APPL 261,2023-01-20 11:36:29,4,2,0,2023-01-20_RgbImage_2023-01-20_11-36-29.png,Switchgrass_AP13_D_I APPL 261,0.9460945139121176,1.248598761001631
Switchgrass,RGB1,AP13_WW_I APPL 142,2023-02-04 13:52:48,4,2,0,2023-02-4_RgbImage_2023-02-04_13-52-47.png,Switchgrass_AP13_WW_I APPL 142,0.9707643553529833,2.811424056002579
Switchgrass,RGB2,AP13_WW_I APPL 142,2023-02-04 13:51:44,4,2,0,2023-02-4_RgbImage_2023-02-04_13-51-43.png,Switchgrass_AP13_WW_I APPL 142,0.9411285059974104,1.2802040050009964
Switchgrass,RGB1,J317.A_D_I APPL 123,2023-02-04 16:46:31,4,2,0,2023-02-4_RgbImage_2023-02-04_16-46-30.png,Switchgrass_J317.A_D_I APPL 123,0.9668371576194338,2.7833208660013042
Switchgrass,RGB2,J317.A_D_I APPL 123,2023-02-04 16:46:08,4,2,0,2023-02-4_RgbImage_2023-02-04_16-46-07.png,Switchgrass_J317.A_D_I APPL 123,0.8910386589375923,1.2812385249999352
Switchgrass,RGB1,AP13_WW_I APPL 142,2023-01-27 13:52:51,4,2,1,2023-01-27_RgbImage_2023-01-27_13-52-50.png,Switchgrass_AP13_WW_I APPL 142,0.9704683301485636,2.8190051060009864
Switchgrass,RGB2,AP13_WW_I APPL 142,2023-01-27 13:52:26,4,2,1,2023-01-27_RgbImage_2023-01-27_13-52-25.png,Switchgrass_AP13_WW_I APPL 142,0.9446153196461774,1.2652578310007812
Switchgrass,RGB1,J317.A_Xtra_I APPL 137,2023-01-19 17:21:27,4,2,1,2023-01-19_RgbImage_2023-01-19_17-21-27.png,Switchgrass_J317.A_Xtra_I APPL 137,0.9629796938701868,2.8439766979972774
Switchgrass,RGB2,J317.A_Xtra_I APPL 137,2023-01-19 17:21:01,4,2,1,2023-01-19_RgbImage_2023-01-19_17-21-01.png,Switchgrass_J317.A_Xtra_I APPL 137,0.9413447305790804,1.2521658190016751
Switchgrass,RGB1,J215.A_Xtra_I APPL 138,2023-01-21 17:13:48,4,2,2,2023-01-21_RgbImage_2023-01-21_17-13-47.png,Switchgrass_J215.A_Xtra_I APPL 138,0.9696461724826363,2.838283754001168
Switchgrass,RGB2,J215.A_Xtra_I APPL 138,2023-01-21 17:12:35,4,2,2,2023-01-21_RgbImage_2023-01-21_17-12-35.png,Switchgrass_J215.A_Xtra_I APPL 138,0.9501831873662747,1.2812094799992337
Switchgrass,RGB1,J308.A_WW_T3.12.2023_I APPL 498,2023-04-26 09:38:46,4,2,2,2023-04-26_RgbImage_2023-04-26_09-38-46.png,Switchgrass_J308.A_WW_T3.12.2023_I APPL 498,0.9639232185372038,2.851376648999576
Switchgrass,RGB2,J308.A_WW_T3.12.2023_I APPL 498,2023-04-26 09:38:20,4,2,2,2023-04-26_RgbImage_2023-04-26_09-38-20.png,Switchgrass_J308.A_WW_T3.12.2023_I APPL 498,0.9410389855781488,1.2540745670012257
Switchgrass,RGB1,J215.A_D_I APPL 130,2023-01-23 15:40:47,4,2,3,2023-01-23_RgbImage_2023-01-23_15-40-47.png,Switchgrass_J215.A_D_I APPL 130,0.9762638662210683,2.858404712002084
Switchgrass,RGB2,J215.A_D_I APPL 130,2023-01-23 15:40:18,4,2,3,2023-01-23_RgbImage_2023-01-23_15-40-17.png,Switchgrass_J215.A_D_I APPL 130,0.9471835637883513,1.2375625789973128
Switchgrass,RGB1,J215.A_WW_I APPL 152,2023-02-04 13:44:15,4,2,3,2023-02-4_RgbImage_2023-02-04_13-44-15.png,Switchgrass_J215.A_WW_I APPL 152,0.9536342526854027,2.8258731400019315
Switchgrass,RGB1,J215.A_WW_I APPL 152,2023-02-05 13:45:57,4,2,3,2023-02-5_RgbImage_2023-02-05_13-45-56.png,Switchgrass_J215.A_WW_I APPL 152,0.9599628120282853,2.823241924998001
Switchgrass,RGB2,J215.A_WW_I APPL 152,2023-02-04 13:43:50,4,2,3,2023-02-4_RgbImage_2023-02-04_13-43-49.png,Switchgrass_J215.A_WW_I APPL 152,0.9386796334632687,1.2174444529991888
Switchgrass,RGB2,J215.A_WW_I APPL 152,2023-02-05 13:45:31,4,2,3,2023-02-5_RgbImage_2023-02-05_13-45-31.png,Switchgrass_J215.A_WW_I APPL 152,0.9346722989449915,1.2819136910002271
Switchgrass,RGB1,J613.A_WW_T3.16.2023_I APPL 12,2023-05-02 17:53:58,4,2,3,2023-05-2_RgbImage_2023-05-02_17-53-57.png,Switchgrass_J613.A_WW_T3.16.2023_I APPL 12,0.9790490866719526,2.877033455999481
Switchgrass,RGB2,J613.A_WW_T3.16.2023_I APPL 12,2023-05-02 17:53:30,4,2,3,2023-05-2_RgbImage_2023-05-02_17-53-30.png,Switchgrass_J613.A_WW_T3.16.2023_I APPL 12,0.9601003460538341,1.2559620259999065
Switchgrass,RGB1,J215.A_WW_I APPL 136,2023-01-29 16:24:03,4,2,4,2023-01-29_RgbImage_2023-01-29_16-24-02.png,Switchgrass_J215.A_WW_I APPL 136,0.9700231450102008,2.8774737270032347
Switchgrass,RGB2,J215.A_WW_I APPL 136,2023-01-29 16:23:40,4,2,4,2023-01-29_RgbImage_2023-01-29_16-23-40.png,Switchgrass_J215.A_WW_I APPL 136,0.9476488842720112,1.2339928689980297
Switchgrass,RGB1,VS16_D_I APPL 2,2023-01-04 11:30:07,4,2,4,2023-01-4_RgbImage_2023-01-04_11-30-06.png,Switchgrass_VS16_D_I APPL 2,0.9725172239959902,2.851732950999576
Switchgrass,RGB2,VS16_D_I APPL 2,2023-01-04 11:29:35,4,2,4,2023-01-4_RgbImage_2023-01-04_11-29-34.png,Switchgrass_VS16_D_I APPL 2,0.9540183711619962,1.2788590259988268
Switchgrass,RGB1,VS16_WW_I APPL 10,2023-02-09 11:45:27,4,2,4,2023-02-9_RgbImage_2023-02-09_11-45-26.png,Switchgrass_VS16_WW_I APPL 10,0.9665067234651539,2.8637858879992564
Switchgrass,RGB2,VS16_WW_I APPL 10,2023-02-09 11:43:35,4,2,4,2023-02-9_RgbImage_2023-02-09_11-43-35.png,Switchgrass_VS16_WW_I APPL 10,0.9581335424786463,1.27073168899733
Switchgrass,RGB1,J317.A_WW_I APPL 225,2023-01-27 14:40:46,4,3,0,2023-01-27_RgbImage_2023-01-27_14-40-46.png,Switchgrass_J317.A_WW_I APPL 225,0.9685491924622128,2.8250120699995023
Switchgrass,RGB2,J317.A_WW_I APPL 225,2023-01-27 14:39:43,4,3,0,2023-01-27_RgbImage_2023-01-27_14-39-42.png,Switchgrass_J317.A_WW_I APPL 225,0.9201578188834136,1.242519358998834
Switchgrass,RGB1,J317.A_WW_I APPL 351,2023-01-11 10:49:25,4,3,0,2023-01-11_RgbImage_2023-01-11_10-49-25.png,Switchgrass_J317.A_WW_I APPL 351,0.9746223296394092,2.867068563999055
Switchgrass,RGB2,J317.A_WW_I APPL 351,2023-01-11 10:49:01,4,3,0,2023-01-11_RgbImage_2023-01-11_10-49-00.png,Switchgrass_J317.A_WW_I APPL 351,0.9486483833498544,1.2614486380007293
Switchgrass,RGB1,J317.A_Xtra_I APPL 137,2023-01-29 17:19:42,4,3,0,2023-01-29_RgbImage_2023-01-29_17-19-41.png,Switchgrass_J317.A_Xtra_I APPL 137,0.9637142822500083,2.8509272260016587
Switchgrass,RGB2,J317.A_Xtra_I APPL 137,2023-01-29 17:18:36,4,3,0,2023-01-29_RgbImage_2023-01-29_17-18-36.png,Switchgrass_J317.A_Xtra_I APPL 137,0.9433660612551455,1.2528057780000381
Switchgrass,RGB1,AP13_WW_I APPL 142,2023-01-07 14:28:50,4,3,1,2023-01-7_RgbImage_2023-01-07_14-28-49.png,Switchgrass_AP13_WW_I APPL 142,0.970267076262524,2.8495610729987675
Switchgrass,RGB2,AP13_WW_I APPL 142,2023-01-07 14:27:38,4,3,1,2023-01-7_RgbImage_2023-01-07_14-27-38.png,Switchgrass_AP13_WW_I APPL 142,0.945910996228538,1.2578361480009335
Switchgrass,RGB1,J317.A_WW_I APPL 351,2023-01-06 10:51:12,4,3,1,2023-01-6_RgbImage_2023-01-06_10-51-12.png,Switchgrass_J317.A_WW_I APPL 351,0.9668570132208101,2.804549582000618
Switchgrass,RGB2,J317.A_WW_I APPL 351,2023-01-06 10:49:23,4,3,1,2023-01-6_RgbImage_2023-01-06_10-49-22.png,Switchgrass_J317.A_WW_I APPL 351,0.9603963790464657,1.2589644309991854
Switchgrass,RGB1,J317.A_Xtra_I APPL 137,2023-01-09 17:24:42,4,3,1,2023-01-9_RgbImage_2023-01-09_17-24-41.png,Switchgrass_J317.A_Xtra_I APPL 137,0.9687297768702051,2.886520700001711
Switchgrass,RGB2,J317.A_Xtra_I APPL 137,2023-01-09 17:24:15,4,3,1,2023-01-9_RgbImage_2023-01-09_17-24-15.png,Switchgrass_J317.A_Xtra_I APPL 137,0.9501753101532125,1.2756662380015769
Switchgrass,RGB1,J215.A_D_I APPL 121,2023-01-26 17:13:11,4,3,2,2023-01-26_RgbImage_2023-01-26_17-13-10.png,Switchgrass_J215.A_D_I APPL 121,0.9713358871281567,2.84309976700024
Switchgrass,RGB2,J215.A_D_I APPL 121,2023-01-26 17:12:43,4,3,2,2023-01-26_RgbImage_2023-01-26_17-12-42.png,Switchgrass_J215.A_D_I APPL 121,0.93922829781053,1.2336480869998923
Switchgrass,RGB1,J215.A_WW_I APPL 152,2023-02-08 13:44:09,4,3,2,2023-02-8_RgbImage_2023-02-08_13-44-08.png,Switchgrass_J215.A_WW_I APPL 152,0.958754733142415,2.8026671429979615
Switchgrass,RGB2,J215.A_WW_I APPL 152,2023-02-08 13:43:44,4,3,2,2023-02-8_RgbImage_2023-02-08_13-43-43.png,Switchgrass_J215.A_WW_I APPL 152,0.9385687104607551,1.2792102480016183
Switchgrass,RGB1,J215.A_Xtra_I APPL 138,2023-02-02 17:11:28,4,3,2,2023-02-2_RgbImage_2023-02-02_17-11-27.png,Switchgrass_J215.A_Xtra_I APPL 138,0.9501989159852676,2.8653479299973696
Switchgrass,RGB2,J215.A_Xtra_I APPL 138,2023-02-02 17:10:21,4,3,2,2023-02-2_RgbImage_2023-02-02_17-10-21.png,Switchgrass_J215.A_Xtra_I APPL 138,0.9297596949783531,1.261510755000927
Switchgrass,RGB1,J216.A_WW_T3.14.2023_I APPL 209,2023-04-29 17:32:50,4,3,2,2023-04-29_RgbImage_2023-04-29_17-32-49.png,Switchgrass_J216.A_WW_T3.14.2023_I APPL 209,0.954727054555942,2.844185378002294
Switchgrass,RGB2,J216.A_WW_T3.14.2023_I APPL 209,2023-04-29 17:32:19,4,3,2,2023-04-29_RgbImage_2023-04-29_17-32-19.png,Switchgrass_J216.A_WW_T3.14.2023_I APPL 209,0.9665789263779516,1.2545206590002635
Switchgrass,RGB1,J215.A_D_I APPL 121,2023-02-02 16:15:56,4,3,3,2023-02-2_RgbImage_2023-02-02_16-15-56.png,Switchgrass_J215.A_D_I APPL 121,0.9650583208931657,2.812037817999226
Switchgrass,RGB2,J215.A_D_I APPL 121,2023-02-02 16:15:30,4,3,3,2023-02-2_RgbImage_2023-02-02_16-15-29.png,Switchgrass_J215.A_D_I APPL 121,0.9316865935971921,1.2585004129978188
Switchgrass,RGB1,J215.A_D_I APPL 130,2023-02-05 15:20:47,4,3,3,2023-02-5_RgbImage_2023-02-05_15-20-46.png,Switchgrass_J215.A_D_I APPL 130,0.9631081951294359,2.828304742997716
Switchgrass,RGB2,J215.A_D_I APPL 130,2023-02-05 15:20:15,4,3,3,2023-02-5_RgbImage_2023-02-05_15-20-14.png,Switchgrass_J215.A_D_I APPL 130,0.9422493024362534,1.2424115750000055
Switchgrass,RGB1,J215.A_WW_I APPL 152,2023-02-09 13:44:09,4,3,3,2023-02-9_RgbImage_2023-02-09_13-44-09.png,Switchgrass_J215.A_WW_I APPL 152,0.9598322020489555,2.85213683999973
Switchgrass,RGB2,J215.A_WW_I APPL 152,2023-02-09 13:43:45,4,3,3,2023-02-9_RgbImage_2023-02-09_13-43-44.png,Switchgrass_J215.A_WW_I APPL 152,0.9353515312199016,1.2458883479994256
Switchgrass,RGB1,VS16_D_I APPL 2,2023-01-28 11:28:44,4,3,3,2023-01-28_RgbImage_2023-01-28_11-28-43.png,Switchgrass_VS16_D_I APPL 2,0.9728268023671042,2.8104852920005214
Switchgrass,RGB2,VS16_D_I APPL 2,2023-01-28 11:28:15,4,3,3,2023-01-28_RgbImage_2023-01-28_11-28-14.png,Switchgrass_VS16_D_I APPL 2,0.9497941961773169,1.2700747759990918
Switchgrass,RGB1,J215.A_D_I APPL 130,2023-01-28 15:19:52,4,3,4,2023-01-28_RgbImage_2023-01-28_15-19-51.png,Switchgrass_J215.A_D_I APPL 130,0.9681971469037796,2.8382063829994877
Switchgrass,RGB2,J215.A_D_I APPL 130,2023-01-28 15:19:24,4,3,4,2023-01-28_RgbImage_2023-01-28_15-19-23.png,Switchgrass_J215.A_D_I APPL 130,0.9384107784729038,1.2620905100011441
Switchgrass,RGB1,VS16_D_I APPL 124,2023-02-08 16:39:43,4,3,4,2023-02-8_RgbImage_2023-02-08_16-39-43.png,Switchgrass_VS16_D_I APPL 124,0.9625453017819942,2.822051188999467
Switchgrass,RGB1,VS16_D_I APPL 124,2023-02-07 16:40:20,4,3,4,2023-02-7_RgbImage_2023-02-07_16-40-19.png,Switchgrass_VS16_D_I APPL 124,0.9692632438561282,2.7797416459980013
Switchgrass,RGB2,VS16_D_I APPL 124,2023-02-08 16:38:36,4,3,4,2023-02-8_RgbImage_2023-02-08_16-38-36.png,Switchgrass_VS16_D_I APPL 124,0.9405732270918868,1.2718612829994527
Switchgrass,RGB2,VS16_D_I APPL 124,2023-02-07 16:39:12,4,3,4,2023-02-7_RgbImage_2023-02-07_16-39-12.png,Switchgrass_VS16_D_I APPL 124,0.9287224012226727,1.300964957998076
Switchgrass,RGB1,VS16_D_I APPL 2,2023-01-29 11:28:42,4,3,4,2023-01-29_RgbImage_2023-01-29_11-28-42.png,Switchgrass_VS16_D_I APPL 2,0.9716836578134433,2.8268367359996773
Switchgrass,RGB2,VS16_D_I APPL 2,2023-01-29 11:28:14,4,3,4,2023-01-29_RgbImage_2023-01-29_11-28-13.png,Switchgrass_VS16_D_I APPL 2,0.9614335902416157,1.236794173000817
Switchgrass,RGB1,J317.A_D_I APPL 6,2023-02-03 10:25:40,4,4,0,2023-02-3_RgbImage_2023-02-03_10-25-40.png,Switchgrass_J317.A_D_I APPL 6,0.9603646204626584,2.8600779629996396
Switchgrass,RGB1,J317.A_D_I APPL 6,2023-02-05 10:25:40,4,4,0,2023-02-5_RgbImage_2023-02-05_10-25-39.png,Switchgrass_J317.A_D_I APPL 6,0.9718239752796449,2.805106853000325
Switchgrass,RGB2,J317.A_D_I APPL 6,2023-02-03 10:25:18,4,4,0,2023-02-3_RgbImage_2023-02-03_10-25-17.png,Switchgrass_J317.A_D_I APPL 6,0.9228965413639934,1.2384595520015864
Switchgrass,RGB2,J317.A_D_I APPL 6,2023-02-05 10:25:17,4,4,0,2023-02-5_RgbImage_2023-02-05_10-25-17.png,Switchgrass_J317.A_D_I APPL 6,0.9197668129095715,1.2873953230009647
Switchgrass,RGB1,J247.A_WW_T3.12.2023_I APPL 509,2023-04-26 08:24:52,4,4,1,2023-04-26_RgbImage_2023-04-26_08-24-51.png,Switchgrass_J247.A_WW_T3.12.2023_I APPL 509,0.9679313928509046,2.8183120180001424
Switchgrass,RGB2,J247.A_WW_T3.12.2023_I APPL 509,2023-04-26 08:24:25,4,4,1,2023-04-26_RgbImage_2023-04-26_08-24-25.png,Switchgrass_J247.A_WW_T3.12.2023_I APPL 509,0.943036826196784,1.2379104639985599
Switchgrass,RGB1,J317.A_D_I APPL 132,2023-02-09 14:55:17,4,4,2,2023-02-9_RgbImage_2023-02-09_14-55-17.png,Switchgrass_J317.A_D_I APPL 132,0.9694525808154827,2.8061251469989656
Switchgrass,RGB2,J317.A_D_I APPL 132,2023-02-09 14:54:55,4,4,2,2023-02-9_RgbImage_2023-02-09_14-54-55.png,Switchgrass_J317.A_D_I APPL 132,0.8930195583633425,1.2699262640016968
Switchgrass,RGB1,J317.A_WW_I APPL 351,2023-01-22 10:49:42,4,4,2,2023-01-22_RgbImage_2023-01-22_10-49-41.png,Switchgrass_J317.A_WW_I APPL 351,0.97624404875704,2.821438829003455
Switchgrass,RGB2,J317.A_WW_I APPL 351,2023-01-22 10:48:37,4,4,2,2023-01-22_RgbImage_2023-01-22_10-48-36.png,Switchgrass_J317.A_WW_I APPL 351,0.9277363308826346,1.2452120579982875
Switchgrass,RGB1,J023.B_WW_T3.12.2023_I APPL 491,2023-04-26 10:36:03,4,4,3,2023-04-26_RgbImage_2023-04-26_10-36-02.png,Switchgrass_J023.B_WW_T3.12.2023_I APPL 491,0.9670279343487062,2.8799276210011158
Switchgrass,RGB2,J023.B_WW_T3.12.2023_I APPL 491,2023-04-26 10:35:38,4,4,3,2023-04-26_RgbImage_2023-04-26_10-35-38.png,Switchgrass_J023.B_WW_T3.12.2023_I APPL 491,0.9389874379303962,1.269174552999175
Switchgrass,RGB1,J216.A_WW_T3.14.2023_I APPL 209,2023-05-05 17:33:09,4,4,3,2023-05-5_RgbImage_2023-05-05_17-33-09.png,Switchgrass_J216.A_WW_T3.14.2023_I APPL 209,0.963132907514815,2.839908137997554
Switchgrass,RGB2,J216.A_WW_T3.14.2023_I APPL 209,2023-05-05 17:32:40,4,4,3,2023-05-5_RgbImage_2023-05-05_17-32-40.png,Switchgrass_J216.A_WW_T3.14.2023_I APPL 209,0.9380613185447204,1.2491166709987738
Switchgrass,RGB1,J215.A_D_I APPL 121,2023-02-08 16:15:47,4,4,4,2023-02-8_RgbImage_2023-02-08_16-15-47.png,Switchgrass_J215.A_D_I APPL 121,0.9675282155583704,2.860410860997945
Switchgrass,RGB1,J215.A_D_I APPL 121,2023-02-09 16:15:44,4,4,4,2023-02-9_RgbImage_2023-02-09_16-15-43.png,Switchgrass_J215.A_D_I APPL 121,0.9676933422999457,2.810303856000246
Switchgrass,RGB2,J215.A_D_I APPL 121,2023-02-08 16:15:21,4,4,4,2023-02-8_RgbImage_2023-02-08_16-15-20.png,Switchgrass_J215.A_D_I APPL 121,0.9398562650867623,1.2156254399997124
Switchgrass,RGB2,J215.A_D_I APPL 121,2023-02-09 16:15:19,4,4,4,2023-02-9_RgbImage_2023-02-09_16-15-18.png,Switchgrass_J215.A_D_I APPL 121,0.92951950981695,1.299854046999826
Switchgrass,RGB1,J215.A_D_I APPL 130,2023-02-07 15:19:48,4,4,4,2023-02-7_RgbImage_2023-02-07_15-19-47.png,Switchgrass_J215.A_D_I APPL 130,0.9648877710739838,2.823856328999682
Switchgrass,RGB2,J215.A_D_I APPL 130,2023-02-07 15:19:15,4,4,4,2023-02-7_RgbImage_2023-02-07_15-19-15.png,Switchgrass_J215.A_D_I APPL 130,0.936799295420503,1.2528109250015405
Switchgrass,RGB1,VS16_D_I APPL 2,2023-02-08 11:29:49,4,4,4,2023-02-8_RgbImage_2023-02-08_11-29-48.png,Switchgrass_VS16_D_I APPL 2,0.9656439166509792,2.8432605560010416
Switchgrass,RGB2,VS16_D_I APPL 2,2023-02-08 11:27:59,4,4,4,2023-02-8_RgbImage_2023-02-08_11-27-59.png,Switchgrass_VS16_D_I APPL 2,0.9546365323840155,1.269980585999292
